SL,File,NativeRow,TMscore,dDFire,DFire2,ePP,ePNP,eNPNP,ePhi,ePsi,eASA,d1,d2,d6,d7,d8,d9,d10,d11,d12,d13,d14,d15,d16,d17,d18,d19,d20,d21,d22,d23,d24,d25,d26,d27,d28,d29,d30,eGOAP,edfire,egoap_ag,eRWplus
1,'2/T0615/3D-JIGSAW_V4-0_TS1',0,0.634000000000000,-252.480000000000,-231.334000000000,-6.05352000000000,-7.74176000000000,-7.35026000000000,-140.381892388283,-137.756234449388,223.379434405247,-49.3450000000000,-46.6703000000000,658.000000000000,1079.00000000000,1746.00000000000,2783.00000000000,3456.00000000000,4177.00000000000,4489.00000000000,5120.00000000000,5842.00000000000,6355.00000000000,7044.00000000000,7869.00000000000,8590.00000000000,9566.00000000000,10186.0000000000,10818.0000000000,11661.0000000000,11982.0000000000,12760.0000000000,13104.0000000000,13945.0000000000,14270.0000000000,14722.0000000000,15287.0000000000,7784.00000000000,-14206.6900000000,-11909.5600000000,-2297.13000000000,-27937.1541580000
2,'2/T0615/3D-JIGSAW_V4-0_TS2',0,0.457500000000000,-234.613000000000,-223.399000000000,-3.55125000000000,-5.08653000000000,-2.57596000000000,-127.387443193503,-58.3025178442082,422.827439747102,-54.1181000000000,-39.9119000000000,593.000000000000,1084.00000000000,1758.00000000000,2720.00000000000,3575.00000000000,4227.00000000000,4564.00000000000,5339.00000000000,5823.00000000000,6399.00000000000,6891.00000000000,7787.00000000000,8430.00000000000,9307.00000000000,10025.0000000000,10648.0000000000,11569.0000000000,12063.0000000000,12618.0000000000,13112.0000000000,13944.0000000000,14168.0000000000,14694.0000000000,15211.0000000000,7650.00000000000,-10273.6100000000,-11479.6200000000,1206.01000000000,-27050.0737750000
3,'2/T0615/3D-JIGSAW_V4-0_TS3',0,0.458000000000000,-235.739000000000,-224.577000000000,-3.57173000000000,-5.33130000000000,-2.25877000000000,-86.2051934141051,-70.3738134067904,459.952469236047,-54.8825000000000,-40.4283000000000,578.000000000000,1099.00000000000,1759.00000000000,2768.00000000000,3604.00000000000,4207.00000000000,4610.00000000000,5344.00000000000,5890.00000000000,6454.00000000000,6757.00000000000,7780.00000000000,8438.00000000000,9287.00000000000,9937.00000000000,10643.0000000000,11595.0000000000,12102.0000000000,12726.0000000000,13161.0000000000,13954.0000000000,14144.0000000000,14737.0000000000,15180.0000000000,7688.00000000000,-10566.2000000000,-11502.3700000000,936.170000000000,-27153.1080890000
4,'2/T0615/3D-JIGSAW_V4-0_TS4',0,0.458000000000000,-235.194000000000,-223.892000000000,-3.76541000000000,-5.34608000000000,-2.19103000000000,-79.1284610206437,-70.6192150930602,438.177604911374,-54.6260000000000,-39.8552000000000,590.000000000000,1096.00000000000,1771.00000000000,2763.00000000000,3577.00000000000,4202.00000000000,4628.00000000000,5348.00000000000,5929.00000000000,6454.00000000000,6809.00000000000,7791.00000000000,8367.00000000000,9316.00000000000,10006.0000000000,10639.0000000000,11528.0000000000,12088.0000000000,12699.0000000000,13161.0000000000,14006.0000000000,14181.0000000000,14803.0000000000,15090.0000000000,7677.00000000000,-10369.4200000000,-11450.7000000000,1081.28000000000,-27093.5666120000
5,'2/T0615/3D-JIGSAW_V4-0_TS5',0,0.458000000000000,-234.785000000000,-224.029000000000,-3.44585000000000,-5.30840000000000,-2.00162000000000,-91.6860328939473,-68.2434369416225,426.046311255618,-54.7409000000000,-40.0234000000000,563.000000000000,1110.00000000000,1766.00000000000,2752.00000000000,3628.00000000000,4216.00000000000,4610.00000000000,5296.00000000000,5987.00000000000,6353.00000000000,6881.00000000000,7650.00000000000,8412.00000000000,9298.00000000000,9986.00000000000,10640.0000000000,11552.0000000000,12074.0000000000,12701.0000000000,13150.0000000000,13747.0000000000,14284.0000000000,14779.0000000000,15060.0000000000,7735.00000000000,-10622.7000000000,-11476.0400000000,853.340000000000,-27084.9733780000
6,'2/T0615/3D-JIGSAW_V4-5_TS1',0,0.684200000000000,-298.192000000000,-272.865000000000,-7.66021000000000,-10.4658000000000,-7.20156000000000,-147.956155130137,-144.105808089600,80.9579284138815,-65.7903000000000,-61.0430000000000,617.000000000000,1235.00000000000,1955.00000000000,3063.00000000000,3886.00000000000,4854.00000000000,5080.00000000000,5993.00000000000,6667.00000000000,7273.00000000000,7789.00000000000,8804.00000000000,9867.00000000000,10773.0000000000,11408.0000000000,12370.0000000000,13297.0000000000,13733.0000000000,14529.0000000000,15446.0000000000,16047.0000000000,16729.0000000000,17232.0000000000,17836.0000000000,9077.00000000000,-17766.4000000000,-13974.8400000000,-3791.56000000000,-32714.9239890000
7,'2/T0615/3D-JIGSAW_V4-5_TS2',0,0.694800000000000,-292.082000000000,-265.839000000000,-7.26156000000000,-11.4913000000000,-7.49000000000000,-144.701768011112,-139.082678884009,150.429082897414,-70.8118000000000,-66.3246000000000,572.000000000000,1181.00000000000,1847.00000000000,2892.00000000000,3769.00000000000,4557.00000000000,4826.00000000000,5653.00000000000,6327.00000000000,6883.00000000000,7323.00000000000,8208.00000000000,9083.00000000000,10124.0000000000,10855.0000000000,11521.0000000000,12373.0000000000,12969.0000000000,13695.0000000000,14356.0000000000,15238.0000000000,15943.0000000000,16323.0000000000,16943.0000000000,8653.00000000000,-17747.8300000000,-13696.2700000000,-4051.56000000000,-31888.5513360000
8,'2/T0615/3D-JIGSAW_V4-5_TS3',0,0.694800000000000,-292.581000000000,-266.224000000000,-7.14568000000000,-11.6812000000000,-7.52952000000000,-152.127909723014,-140.813930742076,182.460778672699,-71.4763000000000,-66.9070000000000,587.000000000000,1157.00000000000,1869.00000000000,2909.00000000000,3755.00000000000,4552.00000000000,4885.00000000000,5605.00000000000,6328.00000000000,6922.00000000000,7286.00000000000,8194.00000000000,9111.00000000000,10090.0000000000,10788.0000000000,11491.0000000000,12302.0000000000,13084.0000000000,13683.0000000000,14445.0000000000,15187.0000000000,15959.0000000000,16274.0000000000,16975.0000000000,8629.00000000000,-17526.6500000000,-13692.8700000000,-3833.78000000000,-31934.5230120000
9,'2/T0615/3D-JIGSAW_V4-5_TS4',0,0.690800000000000,-290.096000000000,-265.151000000000,-6.84902000000000,-10.9426000000000,-7.15404000000000,-165.875001926310,-126.454495617261,127.890531961899,-66.6323000000000,-62.4469000000000,602.000000000000,1183.00000000000,1970.00000000000,3068.00000000000,3868.00000000000,4712.00000000000,4976.00000000000,5703.00000000000,6505.00000000000,6964.00000000000,7500.00000000000,8488.00000000000,9554.00000000000,10313.0000000000,10955.0000000000,11675.0000000000,12426.0000000000,13005.0000000000,13968.0000000000,14421.0000000000,15240.0000000000,15765.0000000000,16397.0000000000,16765.0000000000,8574.00000000000,-17350.7200000000,-13613.9500000000,-3736.76000000000,-31922.1909880000
10,'2/T0615/3D-JIGSAW_V4-5_TS5',0,0.682000000000000,-291.316000000000,-267.669000000000,-6.76141000000000,-9.34864000000000,-7.53668000000000,-167.251012586962,-140.049310527840,93.0957592089630,-65.6259000000000,-60.4270000000000,606.000000000000,1189.00000000000,1978.00000000000,3071.00000000000,3897.00000000000,4711.00000000000,5038.00000000000,5923.00000000000,6562.00000000000,7168.00000000000,7654.00000000000,8722.00000000000,9730.00000000000,10627.0000000000,11154.0000000000,12046.0000000000,12707.0000000000,13283.0000000000,14032.0000000000,14940.0000000000,15314.0000000000,16400.0000000000,16735.0000000000,17449.0000000000,8772.00000000000,-17451.8400000000,-13725.6000000000,-3726.24000000000,-32251.7857010000
11,'2/T0615/Atome2_CBS_TS1',0,0.652400000000000,-270.391000000000,-253.668000000000,-5.03641000000000,-4.66241000000000,-7.02486000000000,-231.235524274146,-155.300281636274,110.279451166798,-38.7581000000000,-32.8559000000000,966.000000000000,1345.00000000000,2258.00000000000,3448.00000000000,4195.00000000000,5232.00000000000,5753.00000000000,6384.00000000000,7250.00000000000,7777.00000000000,8750.00000000000,9651.00000000000,10387.0000000000,11396.0000000000,12086.0000000000,12974.0000000000,13711.0000000000,14567.0000000000,15371.0000000000,15924.0000000000,16844.0000000000,17175.0000000000,17890.0000000000,18328.0000000000,9444.00000000000,-9504.10000000000,-10003.9100000000,499.810000000000,-29853.7768880000
12,'2/T0615/Atome2_CBS_TS2',0,0.569700000000000,-255.723000000000,-250.207000000000,-1.76776000000000,0.348468000000000,-4.09637000000000,-182.265234545025,-30.3560039623153,285.792731807989,-33.1253000000000,-23.2176000000000,938.000000000000,1339.00000000000,2226.00000000000,3292.00000000000,4175.00000000000,5233.00000000000,5781.00000000000,6596.00000000000,7335.00000000000,8130.00000000000,9021.00000000000,9786.00000000000,10830.0000000000,11661.0000000000,12413.0000000000,13435.0000000000,14222.0000000000,15072.0000000000,15830.0000000000,16133.0000000000,17038.0000000000,17588.0000000000,18165.0000000000,18860.0000000000,9280.00000000000,-8180.77000000000,-9866.99000000000,1686.22000000000,-29506.6215160000
13,'2/T0615/Atome2_CBS_TS3',0,0.620900000000000,-257.717000000000,-251.578000000000,-1.50161000000000,-0.307160000000000,-4.33037000000000,-155.827791893255,-95.1115772271672,188.600458766746,-28.0594000000000,-20.7115000000000,1015.00000000000,1398.00000000000,2368.00000000000,3518.00000000000,4309.00000000000,5399.00000000000,5873.00000000000,6727.00000000000,7581.00000000000,8101.00000000000,9057.00000000000,9932.00000000000,10792.0000000000,11819.0000000000,12673.0000000000,13778.0000000000,14662.0000000000,15361.0000000000,16071.0000000000,16766.0000000000,17483.0000000000,18330.0000000000,18722.0000000000,19341.0000000000,9898.00000000000,-8916.82000000000,-9921.21000000000,1004.39000000000,-29728.8427730000
14,'2/T0615/Atome2_CBS_TS4',0,0.547400000000000,-252.701000000000,-238.531000000000,-4.14285000000000,-3.65713000000000,-6.36912000000000,-190.924855706677,-120.822932465515,358.827146041303,-33.7155000000000,-24.3609000000000,934.000000000000,1315.00000000000,2167.00000000000,3303.00000000000,4086.00000000000,5030.00000000000,5553.00000000000,6135.00000000000,7099.00000000000,7500.00000000000,8295.00000000000,9142.00000000000,9815.00000000000,11078.0000000000,11612.0000000000,12850.0000000000,13524.0000000000,14160.0000000000,14949.0000000000,15601.0000000000,15984.0000000000,16695.0000000000,17121.0000000000,17702.0000000000,9067.00000000000,-9782.42000000000,-9461.18000000000,-321.250000000000,-28129.1060340000
15,'2/T0615/Atome2_CBS_TS5',0,0.604300000000000,-263.682000000000,-255.571000000000,-2.23971000000000,-0.830839000000000,-5.04020000000000,-154.977746587054,-40.9322840941809,181.082611144551,-35.4948000000000,-25.0377000000000,916.000000000000,1398.00000000000,2274.00000000000,3413.00000000000,4332.00000000000,5277.00000000000,5908.00000000000,6598.00000000000,7333.00000000000,8192.00000000000,9131.00000000000,9816.00000000000,10854.0000000000,11823.0000000000,12731.0000000000,13616.0000000000,14337.0000000000,15238.0000000000,16129.0000000000,16654.0000000000,17409.0000000000,17597.0000000000,18399.0000000000,19163.0000000000,9681.00000000000,-8637.92000000000,-10195.2500000000,1557.33000000000,-30045.9633200000
16,'2/T0615/BAKER-ROSETTASERVER_TS1',0,0.727100000000000,-336.751000000000,-303.371000000000,-10.5626000000000,-14.5216000000000,-8.29592000000000,-272.974243928143,-221.095988228572,69.0207382144829,-83.4529000000000,-75.9214000000000,582.000000000000,1193.00000000000,2129.00000000000,3263.00000000000,4389.00000000000,5096.00000000000,5420.00000000000,6105.00000000000,7033.00000000000,7498.00000000000,8180.00000000000,9371.00000000000,10405.0000000000,11527.0000000000,12176.0000000000,12935.0000000000,14059.0000000000,14851.0000000000,15567.0000000000,16523.0000000000,17289.0000000000,18004.0000000000,18678.0000000000,19218.0000000000,9861.00000000000,-20868.6600000000,-15541.9500000000,-5326.71000000000,-36248.3729530000
17,'2/T0615/BAKER-ROSETTASERVER_TS2',0,0.671800000000000,-335.203000000000,-303.916000000000,-9.61451000000000,-14.3076000000000,-7.36517000000000,-272.327330007881,-216.240428758856,219.353321049889,-84.9040000000000,-75.4522000000000,581.000000000000,1170.00000000000,2169.00000000000,3341.00000000000,4403.00000000000,5183.00000000000,5638.00000000000,6274.00000000000,7151.00000000000,7618.00000000000,8598.00000000000,9463.00000000000,10509.0000000000,11584.0000000000,12128.0000000000,13191.0000000000,13949.0000000000,14830.0000000000,15354.0000000000,16113.0000000000,16952.0000000000,17427.0000000000,18132.0000000000,18845.0000000000,9515.00000000000,-19451.0400000000,-15610.4200000000,-3840.63000000000,-36382.8093670000
18,'2/T0615/BAKER-ROSETTASERVER_TS3',0,0.696700000000000,-326.816000000000,-295.934000000000,-9.24494000000000,-13.2969000000000,-8.34008000000000,-275.907178868147,-230.704398079591,78.2589873721104,-83.4724000000000,-74.9305000000000,575.000000000000,1188.00000000000,2142.00000000000,3242.00000000000,4410.00000000000,5139.00000000000,5444.00000000000,6114.00000000000,7013.00000000000,7394.00000000000,8007.00000000000,9259.00000000000,10149.0000000000,10995.0000000000,12016.0000000000,12496.0000000000,13489.0000000000,14285.0000000000,14900.0000000000,15785.0000000000,16215.0000000000,17134.0000000000,17513.0000000000,18251.0000000000,9477.00000000000,-19488.9800000000,-15232.5400000000,-4256.43000000000,-35530.9148580000
19,'2/T0615/BAKER-ROSETTASERVER_TS4',0,0.730700000000000,-346.833000000000,-309.368000000000,-10.8889000000000,-16.7240000000000,-9.85187000000000,-262.402553810848,-200.904992687883,129.531340456679,-88.5764000000000,-82.3691000000000,616.000000000000,1172.00000000000,2052.00000000000,3209.00000000000,4278.00000000000,5164.00000000000,5520.00000000000,6037.00000000000,7034.00000000000,7553.00000000000,8143.00000000000,9442.00000000000,10288.0000000000,11513.0000000000,12336.0000000000,12972.0000000000,13968.0000000000,14919.0000000000,15491.0000000000,16461.0000000000,16823.0000000000,17904.0000000000,18513.0000000000,18964.0000000000,9779.00000000000,-22350.0700000000,-15864.3800000000,-6485.69000000000,-36925.4831440000
20,'2/T0615/BAKER-ROSETTASERVER_TS5',0,0.729200000000000,-330.197000000000,-298.691000000000,-9.78550000000000,-13.4318000000000,-8.28926000000000,-273.467713453911,-234.349219113123,208.571169365902,-82.6348000000000,-74.4734000000000,577.000000000000,1178.00000000000,2125.00000000000,3244.00000000000,4337.00000000000,5040.00000000000,5350.00000000000,6097.00000000000,7048.00000000000,7375.00000000000,8216.00000000000,9276.00000000000,10196.0000000000,11342.0000000000,12042.0000000000,12963.0000000000,13960.0000000000,14697.0000000000,15330.0000000000,15945.0000000000,16678.0000000000,17072.0000000000,17905.0000000000,18522.0000000000,9499.00000000000,-19590.3500000000,-15360.7000000000,-4229.65000000000,-35739.5461780000
21,'2/T0615/BHAGEERATH_TS11',0,0.164000000000000,-213.369000000000,-217.367000000000,-0.403744000000000,1.57950000000000,2.82275000000000,-16.3892991310027,20.9233178451097,520.946427466967,-36.2431000000000,-20.0653000000000,570.000000000000,958.000000000000,1861.00000000000,2575.00000000000,3857.00000000000,4256.00000000000,5128.00000000000,5606.00000000000,6216.00000000000,6910.00000000000,7506.00000000000,8101.00000000000,8932.00000000000,9571.00000000000,10567.0000000000,11218.0000000000,12070.0000000000,12796.0000000000,13648.0000000000,14273.0000000000,14974.0000000000,15570.0000000000,16046.0000000000,16984.0000000000,8737.00000000000,-7728.24000000000,-11034.0400000000,3305.80000000000,-25792.5134340000
22,'2/T0615/BHAGEERATH_TS21',0,0.184000000000000,-226.546000000000,-228.135000000000,-0.122083000000000,0.145189000000000,1.56607000000000,-33.8428987161882,41.2078754644673,538.224763464680,-40.0442000000000,-31.7981000000000,554.000000000000,945.000000000000,1684.00000000000,2439.00000000000,3568.00000000000,4100.00000000000,4851.00000000000,5489.00000000000,5996.00000000000,6899.00000000000,7353.00000000000,8262.00000000000,8929.00000000000,9929.00000000000,10552.0000000000,11335.0000000000,12107.0000000000,12921.0000000000,13887.0000000000,14376.0000000000,14785.0000000000,15596.0000000000,15995.0000000000,16514.0000000000,8555.00000000000,-11074.9800000000,-11640.8300000000,565.850000000000,-26889.5684050000
23,'2/T0615/BHAGEERATH_TS31',0,0.182300000000000,-221.017000000000,-225.705000000000,0.191018000000000,1.40664000000000,3.09028000000000,-18.8810652067832,55.2256545760132,529.270881090317,-35.3760000000000,-29.2441000000000,558.000000000000,927.000000000000,1747.00000000000,2495.00000000000,3744.00000000000,4033.00000000000,4994.00000000000,5397.00000000000,6091.00000000000,6768.00000000000,7457.00000000000,8239.00000000000,9155.00000000000,9876.00000000000,10532.0000000000,11303.0000000000,11891.0000000000,12793.0000000000,13549.0000000000,14408.0000000000,15070.0000000000,15630.0000000000,15930.0000000000,16822.0000000000,8696.00000000000,-8533.57000000000,-11554.5500000000,3020.97000000000,-26738.3562090000
24,'2/T0615/BHAGEERATH_TS41',0,0.170200000000000,-193.910000000000,-196.637000000000,-0.333752000000000,2.31554000000000,0.745367000000000,-30.0744888959126,-9.73934180525671,810.794607286330,-34.8894000000000,-16.4901000000000,579.000000000000,941.000000000000,1765.00000000000,2538.00000000000,3671.00000000000,4007.00000000000,4864.00000000000,5304.00000000000,5980.00000000000,6601.00000000000,6876.00000000000,7699.00000000000,8206.00000000000,9055.00000000000,9804.00000000000,10237.0000000000,11071.0000000000,11504.0000000000,12018.0000000000,12529.0000000000,13116.0000000000,13780.0000000000,14150.0000000000,14501.0000000000,7521.00000000000,-4582.97000000000,-10038.5600000000,5455.59000000000,-23656.4474460000
25,'2/T0615/BHAGEERATH_TS51',0,0.152500000000000,-179.660000000000,-186.694000000000,1.39836000000000,2.89329000000000,2.74250000000000,-29.3160910034149,52.8479116434429,805.729242856439,-31.5656000000000,-15.4202000000000,542.000000000000,885.000000000000,1638.00000000000,2335.00000000000,3614.00000000000,3915.00000000000,4595.00000000000,5164.00000000000,5622.00000000000,6393.00000000000,6726.00000000000,7251.00000000000,7871.00000000000,8341.00000000000,9142.00000000000,9578.00000000000,10421.0000000000,10733.0000000000,11598.0000000000,11962.0000000000,12469.0000000000,12644.0000000000,13645.0000000000,13809.0000000000,7123.00000000000,-3831.71000000000,-9525.76000000000,5694.05000000000,-22508.4402920000
26,'2/T0615/Bilab-ENABLE_TS1',0,0.523000000000000,-274.250000000000,-266.416000000000,-1.92635000000000,-0.394364000000000,-5.51268000000000,-253.479753821195,-159.312256462977,295.528686677345,-30.1137000000000,-18.0094000000000,959.000000000000,1496.00000000000,2302.00000000000,3616.00000000000,4360.00000000000,5495.00000000000,6022.00000000000,6931.00000000000,8133.00000000000,8705.00000000000,9599.00000000000,10593.0000000000,11636.0000000000,12735.0000000000,13674.0000000000,14746.0000000000,15775.0000000000,16489.0000000000,17341.0000000000,18089.0000000000,18925.0000000000,19713.0000000000,20169.0000000000,21123.0000000000,10725.0000000000,-11521.7800000000,-13892.1800000000,2370.40000000000,-32404.8524680000
27,'2/T0615/Bilab-ENABLE_TS2',0,0.523900000000000,-271.246000000000,-261.656000000000,-2.24175000000000,-1.76090000000000,-5.58787000000000,-256.379307409116,-161.519457005463,329.386766901022,-28.9120000000000,-16.1447000000000,963.000000000000,1478.00000000000,2260.00000000000,3603.00000000000,4392.00000000000,5489.00000000000,6054.00000000000,6903.00000000000,8045.00000000000,8654.00000000000,9385.00000000000,10326.0000000000,11424.0000000000,12555.0000000000,13536.0000000000,14399.0000000000,15568.0000000000,16248.0000000000,17168.0000000000,17819.0000000000,18590.0000000000,19309.0000000000,20086.0000000000,20808.0000000000,10619.0000000000,-10736.9000000000,-13692.1400000000,2955.24000000000,-31937.5034550000
28,'2/T0615/Bilab-ENABLE_TS3',0,0.399400000000000,-240.041000000000,-234.399000000000,-2.91226000000000,-0.447235000000000,-2.28211000000000,-224.973651496376,-124.441123154648,349.716657413458,-43.0859000000000,-32.7362000000000,828.000000000000,1222.00000000000,1951.00000000000,2947.00000000000,3768.00000000000,4606.00000000000,5016.00000000000,5686.00000000000,6896.00000000000,7209.00000000000,7829.00000000000,8706.00000000000,9466.00000000000,10439.0000000000,11032.0000000000,11891.0000000000,12608.0000000000,13239.0000000000,14312.0000000000,14537.0000000000,15391.0000000000,15900.0000000000,16345.0000000000,17302.0000000000,8538.00000000000,-10599.3500000000,-12100.2300000000,1500.88000000000,-28422.0003590000
29,'2/T0615/Bilab-ENABLE_TS4',0,0.485700000000000,-271.253000000000,-259.377000000000,-3.60189000000000,-3.31869000000000,-4.95586000000000,-236.618722867027,-103.621978691628,280.120467352550,-44.9292000000000,-26.8944000000000,829.000000000000,1328.00000000000,2047.00000000000,3201.00000000000,4114.00000000000,5017.00000000000,5571.00000000000,6299.00000000000,7342.00000000000,7991.00000000000,8707.00000000000,9858.00000000000,10649.0000000000,11725.0000000000,12720.0000000000,13749.0000000000,14671.0000000000,15470.0000000000,16529.0000000000,17143.0000000000,18235.0000000000,18803.0000000000,19428.0000000000,20091.0000000000,10300.0000000000,-11589.0000000000,-13349.8500000000,1760.86000000000,-31292.0585900000
30,'2/T0615/Bilab-ENABLE_TS5',0,0.547200000000000,-270.825000000000,-258.979000000000,-3.45329000000000,-3.10916000000000,-5.28357000000000,-222.758386321660,-171.299323226935,367.689834995405,-44.8262000000000,-39.2782000000000,771.000000000000,1248.00000000000,1991.00000000000,3065.00000000000,3920.00000000000,4801.00000000000,5326.00000000000,5988.00000000000,7078.00000000000,7563.00000000000,8264.00000000000,9222.00000000000,10250.0000000000,11357.0000000000,11950.0000000000,13061.0000000000,13864.0000000000,14651.0000000000,15222.0000000000,15947.0000000000,16721.0000000000,17633.0000000000,18249.0000000000,18596.0000000000,9594.00000000000,-13887.1800000000,-13503.4000000000,-383.780000000000,-31236.6702680000
31,'2/T0615/BioSerf_TS1',0,0.683600000000000,-295.206000000000,-272.928000000000,-6.95428000000000,-7.77948000000000,-7.54416000000000,-162.277776480193,-136.554546397926,165.192227869378,-60.7392000000000,-48.9934000000000,824.000000000000,1334.00000000000,2078.00000000000,3228.00000000000,4113.00000000000,5106.00000000000,5600.00000000000,6503.00000000000,7233.00000000000,7941.00000000000,8467.00000000000,9279.00000000000,10214.0000000000,11342.0000000000,12292.0000000000,13254.0000000000,14160.0000000000,14745.0000000000,15544.0000000000,16249.0000000000,17043.0000000000,17695.0000000000,18486.0000000000,18948.0000000000,9830.00000000000,-14599.8400000000,-14041.7500000000,-558.100000000000,-32572.7573640000
32,'2/T0615/chunk-TASSER_TS1',0,0.690200000000000,-286.202000000000,-260.552000000000,-6.69103000000000,-8.99703000000000,-9.96237000000000,-102.988310649137,-109.851363733998,161.832854928090,-51.0758000000000,-42.6086000000000,856.000000000000,1242.00000000000,1981.00000000000,3119.00000000000,4092.00000000000,4975.00000000000,5493.00000000000,6123.00000000000,7121.00000000000,7590.00000000000,8214.00000000000,9108.00000000000,10012.0000000000,10981.0000000000,12201.0000000000,12739.0000000000,13656.0000000000,14498.0000000000,14726.0000000000,15907.0000000000,16625.0000000000,17086.0000000000,17509.0000000000,18243.0000000000,9282.00000000000,-15055.8800000000,-13864.9500000000,-1190.93000000000,-31418.9910610000
33,'2/T0615/chunk-TASSER_TS2',0,0.678600000000000,-280.181000000000,-254.982000000000,-6.74200000000000,-9.40210000000000,-9.05422000000000,-97.1784449844728,-129.958606715530,161.618528663606,-48.9622000000000,-40.1818000000000,856.000000000000,1235.00000000000,1959.00000000000,3134.00000000000,3953.00000000000,4857.00000000000,5425.00000000000,6003.00000000000,7032.00000000000,7427.00000000000,8147.00000000000,9063.00000000000,9655.00000000000,10934.0000000000,11883.0000000000,12548.0000000000,13525.0000000000,14263.0000000000,15146.0000000000,15713.0000000000,16298.0000000000,17204.0000000000,17613.0000000000,18206.0000000000,9415.00000000000,-15055.1200000000,-13524.9700000000,-1530.15000000000,-30914.1637760000
34,'2/T0615/chunk-TASSER_TS3',0,0.550800000000000,-208.871000000000,-205.247000000000,-0.739740000000000,1.13922000000000,-4.02254000000000,65.1967872733036,5.07121572560393,450.626145756457,-20.3157000000000,-9.31618000000000,851.000000000000,1174.00000000000,1913.00000000000,2936.00000000000,3884.00000000000,4573.00000000000,5099.00000000000,5769.00000000000,6794.00000000000,6992.00000000000,7720.00000000000,8563.00000000000,9200.00000000000,10021.0000000000,10841.0000000000,11446.0000000000,12220.0000000000,12763.0000000000,13331.0000000000,13776.0000000000,14459.0000000000,15172.0000000000,15379.0000000000,15626.0000000000,8091.00000000000,-9648.39000000000,-11210.8200000000,1562.43000000000,-25231.4386790000
35,'2/T0615/chunk-TASSER_TS4',0,0.578900000000000,-240.321000000000,-231.314000000000,-2.40983000000000,-1.27232000000000,-5.32429000000000,-66.4695982299082,-122.535717812728,233.062725774396,-32.4440000000000,-20.1517000000000,877.000000000000,1270.00000000000,2032.00000000000,3088.00000000000,4067.00000000000,4947.00000000000,5528.00000000000,6179.00000000000,7164.00000000000,7484.00000000000,8478.00000000000,9032.00000000000,10028.0000000000,10641.0000000000,11587.0000000000,12227.0000000000,13292.0000000000,13991.0000000000,14402.0000000000,14797.0000000000,15626.0000000000,16050.0000000000,16115.0000000000,16555.0000000000,8645.00000000000,-11924.0800000000,-12478.0300000000,553.950000000000,-28379.9013640000
36,'2/T0615/chunk-TASSER_TS5',0,0.541600000000000,-219.058000000000,-211.882000000000,-1.65386000000000,-1.02685000000000,-4.49503000000000,-63.4862201847270,-56.9423402943496,419.613545840019,-27.0919000000000,-19.5079000000000,855.000000000000,1209.00000000000,1916.00000000000,2832.00000000000,3811.00000000000,4417.00000000000,5203.00000000000,5724.00000000000,6707.00000000000,6982.00000000000,7604.00000000000,8275.00000000000,9283.00000000000,9932.00000000000,10680.0000000000,11091.0000000000,12008.0000000000,12375.0000000000,13106.0000000000,13416.0000000000,13973.0000000000,14536.0000000000,14885.0000000000,15099.0000000000,7644.00000000000,-11784.6500000000,-11597.5200000000,-187.130000000000,-26211.7595670000
37,'2/T0615/chuo-fams_TS1',0,0.681100000000000,-278.063000000000,-259.695000000000,-6.03756000000000,-6.65345000000000,-5.67763000000000,-160.578969196631,-88.0503004960319,169.660554407597,-49.0709000000000,-41.4504000000000,748.000000000000,1222.00000000000,2103.00000000000,2800.00000000000,4174.00000000000,4761.00000000000,5681.00000000000,6064.00000000000,6968.00000000000,7630.00000000000,8230.00000000000,9183.00000000000,10047.0000000000,11230.0000000000,11797.0000000000,12687.0000000000,13506.0000000000,14253.0000000000,14855.0000000000,15491.0000000000,16304.0000000000,16835.0000000000,17451.0000000000,18131.0000000000,9413.00000000000,-14162.3300000000,-13271.0900000000,-891.240000000000,-31092.6884430000
38,'2/T0615/chuo-fams_TS2',0,0.680700000000000,-271.171000000000,-255.471000000000,-4.24028000000000,-5.53157000000000,-5.92803000000000,-149.345769788293,-106.284558190353,218.087261789293,-46.5528000000000,-38.0777000000000,737.000000000000,1257.00000000000,2076.00000000000,2862.00000000000,4156.00000000000,4785.00000000000,5632.00000000000,6143.00000000000,6781.00000000000,7500.00000000000,8158.00000000000,9166.00000000000,9975.00000000000,10873.0000000000,11826.0000000000,12754.0000000000,13645.0000000000,14169.0000000000,14959.0000000000,15714.0000000000,16134.0000000000,17045.0000000000,17485.0000000000,18095.0000000000,9293.00000000000,-14214.0600000000,-13052.5400000000,-1161.52000000000,-30743.9880340000
39,'2/T0615/chuo-fams_TS3',0,0.695000000000000,-275.393000000000,-256.882000000000,-5.50295000000000,-7.21270000000000,-5.79567000000000,-150.924973466323,-115.695140577234,167.072920219972,-49.1000000000000,-39.3001000000000,744.000000000000,1253.00000000000,2110.00000000000,2944.00000000000,4182.00000000000,4922.00000000000,5593.00000000000,6226.00000000000,6837.00000000000,7649.00000000000,8052.00000000000,8942.00000000000,9960.00000000000,11055.0000000000,11785.0000000000,12641.0000000000,13547.0000000000,14199.0000000000,14931.0000000000,15580.0000000000,16375.0000000000,17140.0000000000,17510.0000000000,18115.0000000000,9450.00000000000,-13463.9000000000,-13079.7200000000,-384.180000000000,-30773.9100660000
40,'2/T0615/chuo-fams_TS4',0,0.685900000000000,-280.317000000000,-262.622000000000,-5.41527000000000,-6.27907000000000,-6.00078000000000,-184.184391502141,-104.639924496604,217.028675171046,-50.1915000000000,-40.1838000000000,733.000000000000,1252.00000000000,2122.00000000000,2967.00000000000,4228.00000000000,4998.00000000000,5654.00000000000,6352.00000000000,6961.00000000000,7755.00000000000,8225.00000000000,9490.00000000000,10310.0000000000,11182.0000000000,12041.0000000000,12947.0000000000,13765.0000000000,14553.0000000000,15120.0000000000,15922.0000000000,16651.0000000000,17325.0000000000,18215.0000000000,18586.0000000000,9366.00000000000,-14225.8300000000,-13492.8300000000,-733.000000000000,-31419.3314580000
41,'2/T0615/chuo-fams_TS5',0,0.701800000000000,-279.572000000000,-259.749000000000,-5.52815000000000,-7.28549000000000,-7.00969000000000,-143.069199268298,-60.6863529311656,218.063415785517,-50.8010000000000,-42.6041000000000,707.000000000000,1273.00000000000,1984.00000000000,2840.00000000000,4078.00000000000,4780.00000000000,5611.00000000000,6060.00000000000,6860.00000000000,7606.00000000000,8071.00000000000,9170.00000000000,9861.00000000000,11059.0000000000,11987.0000000000,12599.0000000000,13627.0000000000,14257.0000000000,14921.0000000000,15353.0000000000,16189.0000000000,16942.0000000000,17570.0000000000,18090.0000000000,9388.00000000000,-14366.7200000000,-13299.6000000000,-1067.11000000000,-31211.7695170000
42,'2/T0615/circle_TS1',0,0.692300000000000,-278.361000000000,-261.008000000000,-4.99926000000000,-5.80933000000000,-6.54374000000000,-137.141436820920,-57.7770842320582,131.512270975602,-45.4542000000000,-35.9476000000000,805.000000000000,1296.00000000000,2208.00000000000,2970.00000000000,4264.00000000000,4977.00000000000,5703.00000000000,6312.00000000000,7154.00000000000,7909.00000000000,8407.00000000000,9544.00000000000,10389.0000000000,11367.0000000000,12196.0000000000,13119.0000000000,14089.0000000000,14728.0000000000,15473.0000000000,16095.0000000000,16773.0000000000,17798.0000000000,18150.0000000000,19248.0000000000,9945.00000000000,-14527.6800000000,-13444.8100000000,-1082.87000000000,-31302.6728790000
43,'2/T0615/circle_TS2',0,0.709400000000000,-293.954000000000,-269.144000000000,-6.99698000000000,-9.78454000000000,-8.02852000000000,-167.404255878693,-92.5247088178402,79.7157700985071,-57.8575000000000,-49.6579000000000,730.000000000000,1178.00000000000,2071.00000000000,2714.00000000000,4127.00000000000,4814.00000000000,5554.00000000000,6000.00000000000,6912.00000000000,7552.00000000000,8023.00000000000,9063.00000000000,9912.00000000000,11058.0000000000,12195.0000000000,12885.0000000000,13855.0000000000,14512.0000000000,15059.0000000000,15754.0000000000,16554.0000000000,17276.0000000000,17932.0000000000,18602.0000000000,9684.00000000000,-15890.4600000000,-13785.4400000000,-2105.02000000000,-32164.4423490000
44,'2/T0615/circle_TS3',0,0.667100000000000,-274.603000000000,-258.037000000000,-4.40642000000000,-5.53819000000000,-6.62142000000000,-103.555573538189,-42.9247537647332,216.518613799867,-43.8681000000000,-38.5559000000000,860.000000000000,1280.00000000000,2261.00000000000,3009.00000000000,4208.00000000000,4988.00000000000,5792.00000000000,6230.00000000000,7058.00000000000,7803.00000000000,8190.00000000000,9330.00000000000,10160.0000000000,11168.0000000000,11908.0000000000,13003.0000000000,13748.0000000000,14444.0000000000,15139.0000000000,15609.0000000000,16201.0000000000,16967.0000000000,17778.0000000000,18554.0000000000,9558.00000000000,-15196.8800000000,-13250.5500000000,-1946.33000000000,-31082.6251930000
45,'2/T0615/circle_TS4',0,0.568600000000000,-243.967000000000,-226.947000000000,-4.84548000000000,-6.85825000000000,-5.31581000000000,-164.709746043556,-78.9344956811521,453.214678669052,-48.2643000000000,-44.0393000000000,738.000000000000,1175.00000000000,1952.00000000000,2710.00000000000,3886.00000000000,4558.00000000000,5124.00000000000,5673.00000000000,6306.00000000000,6806.00000000000,7192.00000000000,7986.00000000000,8513.00000000000,9297.00000000000,9838.00000000000,10612.0000000000,11076.0000000000,11672.0000000000,12001.0000000000,12369.0000000000,12907.0000000000,13118.0000000000,13634.0000000000,13959.0000000000,7182.00000000000,-12823.4600000000,-11644.9500000000,-1178.51000000000,-27710.2530630000
46,'2/T0615/circle_TS5',0,0.673600000000000,-276.502000000000,-257.639000000000,-5.37057000000000,-7.34367000000000,-6.14946000000000,-107.131994657297,-72.1976594997083,250.227647054595,-46.9152000000000,-37.2136000000000,813.000000000000,1300.00000000000,2131.00000000000,2977.00000000000,4143.00000000000,4995.00000000000,5671.00000000000,6269.00000000000,6977.00000000000,7772.00000000000,8225.00000000000,9355.00000000000,10172.0000000000,11129.0000000000,12162.0000000000,12716.0000000000,13971.0000000000,14375.0000000000,15229.0000000000,15774.0000000000,16632.0000000000,17224.0000000000,17844.0000000000,18729.0000000000,9536.00000000000,-14107.7400000000,-13183.6000000000,-924.140000000000,-30896.7650160000
47,'2/T0615/CLEF-Server_TS1',0,0.703100000000000,-293.457000000000,-270.092000000000,-6.92778000000000,-8.90525000000000,-7.53241000000000,-251.212963789922,-162.999991295459,173.365838882379,-62.5591000000000,-53.3016000000000,811.000000000000,1218.00000000000,2019.00000000000,3138.00000000000,3933.00000000000,4830.00000000000,5397.00000000000,6105.00000000000,6967.00000000000,7495.00000000000,8181.00000000000,9083.00000000000,9928.00000000000,11097.0000000000,11957.0000000000,12821.0000000000,13924.0000000000,14375.0000000000,15017.0000000000,15733.0000000000,16599.0000000000,17307.0000000000,17903.0000000000,18513.0000000000,9614.00000000000,-14273.1500000000,-13813.6800000000,-459.470000000000,-32242.6980530000
48,'2/T0615/CLEF-Server_TS2',0,0.217100000000000,-230.408000000000,-210.756000000000,-4.59651000000000,-6.27371000000000,-8.78233000000000,-205.991069198589,-155.688843864472,518.374829748124,-51.9568000000000,-44.3557000000000,854.000000000000,1145.00000000000,1848.00000000000,2932.00000000000,3532.00000000000,4418.00000000000,4710.00000000000,5225.00000000000,5934.00000000000,6130.00000000000,6737.00000000000,7213.00000000000,7883.00000000000,8583.00000000000,9246.00000000000,9764.00000000000,10341.0000000000,10860.0000000000,11263.0000000000,11572.0000000000,12166.0000000000,12579.0000000000,12855.0000000000,13272.0000000000,6730.00000000000,-12335.7600000000,-10792.7900000000,-1542.97000000000,-25979.0528740000
49,'2/T0615/CLEF-Server_TS3',0,0.186500000000000,-222.863000000000,-209.380000000000,-4.83393000000000,-4.87206000000000,-3.77699000000000,-224.112141292713,-124.320665998226,495.090748917379,-55.4455000000000,-44.7218000000000,840.000000000000,1153.00000000000,1818.00000000000,2951.00000000000,3481.00000000000,4505.00000000000,4922.00000000000,5368.00000000000,6242.00000000000,6360.00000000000,6989.00000000000,7247.00000000000,7870.00000000000,8416.00000000000,8983.00000000000,9392.00000000000,10056.0000000000,10234.0000000000,10941.0000000000,11203.0000000000,11575.0000000000,11749.0000000000,12107.0000000000,12244.0000000000,6077.00000000000,-11914.3400000000,-10764.3500000000,-1150.00000000000,-25870.3079190000
50,'2/T0615/CLEF-Server_TS4',0,0.190900000000000,-263.674000000000,-239.436000000000,-7.15608000000000,-10.2314000000000,-6.85021000000000,-249.814731127137,-163.063652636603,509.602321600710,-60.8184000000000,-50.2424000000000,847.000000000000,1158.00000000000,1954.00000000000,2954.00000000000,3697.00000000000,4497.00000000000,4862.00000000000,5325.00000000000,6316.00000000000,6714.00000000000,7338.00000000000,8076.00000000000,8721.00000000000,9712.00000000000,10392.0000000000,11142.0000000000,11857.0000000000,12645.0000000000,13144.0000000000,14012.0000000000,14356.0000000000,15197.0000000000,15712.0000000000,16096.0000000000,8250.00000000000,-13858.9300000000,-12252.1400000000,-1606.79000000000,-26618.5389150000
51,'2/T0615/CLEF-Server_TS5',0,0.278200000000000,-266.940000000000,-256.952000000000,-3.92895000000000,-2.58307000000000,-3.47575000000000,-212.257527579222,-109.396697308270,461.052674346682,-37.7061000000000,-28.4818000000000,991.000000000000,1401.00000000000,2133.00000000000,3456.00000000000,4162.00000000000,5229.00000000000,5630.00000000000,6348.00000000000,7560.00000000000,7991.00000000000,8708.00000000000,9537.00000000000,10625.0000000000,11834.0000000000,12577.0000000000,13742.0000000000,14345.0000000000,15437.0000000000,16172.0000000000,16799.0000000000,17618.0000000000,17880.0000000000,18638.0000000000,19022.0000000000,9731.00000000000,-13390.6800000000,-13116.1900000000,-274.490000000000,-30966.2663670000
52,'2/T0615/ConStruct_TS1',0,0.267700000000000,-33.2829000000000,-35.5584000000000,1.69801000000000,4.76312000000000,-4.18566000000000,-293.569028490206,-207.671147127612,133.586750357340,174.305000000000,189.491000000000,1714.00000000000,2866.00000000000,3738.00000000000,4549.00000000000,5576.00000000000,6406.00000000000,6697.00000000000,6900.00000000000,7555.00000000000,8506.00000000000,9254.00000000000,10306.0000000000,11004.0000000000,12252.0000000000,12982.0000000000,13902.0000000000,14936.0000000000,15638.0000000000,16084.0000000000,17155.0000000000,17245.0000000000,18292.0000000000,18376.0000000000,18893.0000000000,9669.00000000000,3338.03000000000,-5599.42000000000,8937.45000000000,-9449.42090300000
55,'2/T0615/ConStruct_TS4',0,0.261600000000000,-13.3746000000000,-18.8032000000000,1.74618000000000,6.20605000000000,-2.52367000000000,-254.768601981210,-204.094042690621,181.996971158811,188.131000000000,201.670000000000,1722.00000000000,2987.00000000000,3838.00000000000,4655.00000000000,5687.00000000000,6408.00000000000,6921.00000000000,6997.00000000000,7636.00000000000,8432.00000000000,9485.00000000000,10055.0000000000,10965.0000000000,11678.0000000000,12649.0000000000,13118.0000000000,14152.0000000000,14962.0000000000,15629.0000000000,16656.0000000000,17134.0000000000,17945.0000000000,18539.0000000000,19302.0000000000,9699.00000000000,5782.12000000000,-4924.10000000000,10706.2200000000,-7848.72522000000
57,'2/T0615/Distill_TS1',0,0.673200000000000,-263.233000000000,-244.471000000000,-5.90821000000000,-6.12993000000000,-6.72412000000000,-160.132057252436,-126.113662872371,243.317456608382,-38.6332000000000,-30.4271000000000,753.000000000000,1342.00000000000,2050.00000000000,3137.00000000000,4148.00000000000,4860.00000000000,5538.00000000000,6109.00000000000,7135.00000000000,7520.00000000000,8223.00000000000,8879.00000000000,9932.00000000000,10967.0000000000,11646.0000000000,12427.0000000000,13446.0000000000,14006.0000000000,14647.0000000000,15338.0000000000,16014.0000000000,16791.0000000000,17168.0000000000,17911.0000000000,9105.00000000000,-13297.7100000000,-12866.0800000000,-431.630000000000,-29875.8324900000
58,'2/T0615/Distill_TS2',0,0.675400000000000,-272.682000000000,-256.232000000000,-4.36544000000000,-5.82153000000000,-6.26254000000000,-133.049696193796,-143.310884599064,236.201566942921,-46.9526000000000,-40.1108000000000,707.000000000000,1298.00000000000,2001.00000000000,3094.00000000000,4113.00000000000,4851.00000000000,5540.00000000000,6147.00000000000,7078.00000000000,7677.00000000000,8295.00000000000,9082.00000000000,9948.00000000000,10861.0000000000,11757.0000000000,12474.0000000000,13308.0000000000,14036.0000000000,14689.0000000000,15328.0000000000,16068.0000000000,16725.0000000000,17304.0000000000,17938.0000000000,9108.00000000000,-15721.4800000000,-13328.1400000000,-2393.34000000000,-31047.8252360000
59,'2/T0615/Distill_TS3',0,0.667500000000000,-261.240000000000,-247.222000000000,-3.68909000000000,-6.27996000000000,-4.04890000000000,-149.304316012276,-135.738834525874,199.720960024057,-38.9503000000000,-31.4138000000000,775.000000000000,1360.00000000000,2179.00000000000,3249.00000000000,4284.00000000000,4948.00000000000,5631.00000000000,6188.00000000000,7178.00000000000,7577.00000000000,8226.00000000000,9248.00000000000,10038.0000000000,11056.0000000000,11576.0000000000,12475.0000000000,13468.0000000000,13879.0000000000,14601.0000000000,15351.0000000000,16043.0000000000,16763.0000000000,17251.0000000000,17992.0000000000,9253.00000000000,-13561.5500000000,-12996.7600000000,-564.790000000000,-30044.8547740000
60,'2/T0615/Distill_TS4',0,0.673800000000000,-266.442000000000,-249.772000000000,-4.72100000000000,-6.11144000000000,-5.83704000000000,-179.434294193693,-146.171562697449,173.425336564950,-41.9728000000000,-34.9917000000000,736.000000000000,1329.00000000000,2051.00000000000,3145.00000000000,4159.00000000000,4905.00000000000,5562.00000000000,6140.00000000000,7230.00000000000,7500.00000000000,8064.00000000000,9064.00000000000,9893.00000000000,11053.0000000000,11708.0000000000,12423.0000000000,13091.0000000000,13770.0000000000,14663.0000000000,15281.0000000000,16022.0000000000,16642.0000000000,17142.0000000000,18122.0000000000,9220.00000000000,-15071.1900000000,-13124.6000000000,-1946.59000000000,-30462.1016000000
61,'2/T0615/Distill_TS5',0,0.666800000000000,-274.555000000000,-255.885000000000,-5.11224000000000,-6.61865000000000,-6.93867000000000,-214.337924467422,-148.175436307801,293.822726295851,-49.8347000000000,-43.8498000000000,750.000000000000,1293.00000000000,2085.00000000000,3083.00000000000,4107.00000000000,4693.00000000000,5490.00000000000,5985.00000000000,6928.00000000000,7427.00000000000,8002.00000000000,8972.00000000000,9825.00000000000,10566.0000000000,11536.0000000000,12244.0000000000,13504.0000000000,13953.0000000000,14510.0000000000,15297.0000000000,15873.0000000000,16560.0000000000,16933.0000000000,17739.0000000000,8989.00000000000,-14144.8400000000,-13384.2700000000,-760.570000000000,-30995.2458820000
62,'2/T0615/FALCON-SWIFT_TS1',0,0.703100000000000,-293.457000000000,-270.092000000000,-6.92778000000000,-8.90525000000000,-7.53241000000000,-251.212963789922,-162.999991295459,173.365838882379,-62.5591000000000,-53.3016000000000,811.000000000000,1218.00000000000,2019.00000000000,3138.00000000000,3933.00000000000,4830.00000000000,5397.00000000000,6105.00000000000,6967.00000000000,7495.00000000000,8181.00000000000,9083.00000000000,9928.00000000000,11097.0000000000,11957.0000000000,12821.0000000000,13924.0000000000,14375.0000000000,15017.0000000000,15733.0000000000,16599.0000000000,17307.0000000000,17903.0000000000,18513.0000000000,9614.00000000000,-14273.1500000000,-13813.6800000000,-459.470000000000,-32242.6980530000
63,'2/T0615/FALCON-SWIFT_TS2',0,0.217100000000000,-230.408000000000,-210.756000000000,-4.59651000000000,-6.27371000000000,-8.78233000000000,-205.991069198589,-155.688843864472,518.374829748124,-51.9568000000000,-44.3557000000000,854.000000000000,1145.00000000000,1848.00000000000,2932.00000000000,3532.00000000000,4418.00000000000,4710.00000000000,5225.00000000000,5934.00000000000,6130.00000000000,6737.00000000000,7213.00000000000,7883.00000000000,8583.00000000000,9246.00000000000,9764.00000000000,10341.0000000000,10860.0000000000,11263.0000000000,11572.0000000000,12166.0000000000,12579.0000000000,12855.0000000000,13272.0000000000,6730.00000000000,-12335.7600000000,-10792.7900000000,-1542.97000000000,-25979.0528740000
64,'2/T0615/FALCON-SWIFT_TS3',0,0.186500000000000,-222.863000000000,-209.380000000000,-4.83393000000000,-4.87206000000000,-3.77699000000000,-224.112141292713,-124.320665998226,495.090748917379,-55.4455000000000,-44.7218000000000,840.000000000000,1153.00000000000,1818.00000000000,2951.00000000000,3481.00000000000,4505.00000000000,4922.00000000000,5368.00000000000,6242.00000000000,6360.00000000000,6989.00000000000,7247.00000000000,7870.00000000000,8416.00000000000,8983.00000000000,9392.00000000000,10056.0000000000,10234.0000000000,10941.0000000000,11203.0000000000,11575.0000000000,11749.0000000000,12107.0000000000,12244.0000000000,6077.00000000000,-11914.3400000000,-10764.3500000000,-1150.00000000000,-25870.3079190000
65,'2/T0615/FALCON-SWIFT_TS4',0,0.190900000000000,-263.674000000000,-239.436000000000,-7.15608000000000,-10.2314000000000,-6.85021000000000,-249.814731127137,-163.063652636603,509.602321600710,-60.8184000000000,-50.2424000000000,847.000000000000,1158.00000000000,1954.00000000000,2954.00000000000,3697.00000000000,4497.00000000000,4862.00000000000,5325.00000000000,6316.00000000000,6714.00000000000,7338.00000000000,8076.00000000000,8721.00000000000,9712.00000000000,10392.0000000000,11142.0000000000,11857.0000000000,12645.0000000000,13144.0000000000,14012.0000000000,14356.0000000000,15197.0000000000,15712.0000000000,16096.0000000000,8250.00000000000,-13858.9300000000,-12252.1400000000,-1606.79000000000,-26618.5389150000
66,'2/T0615/FALCON-SWIFT_TS5',0,0.278200000000000,-266.940000000000,-256.952000000000,-3.92895000000000,-2.58307000000000,-3.47575000000000,-212.257527579222,-109.396697308270,461.052674346682,-37.7061000000000,-28.4818000000000,991.000000000000,1401.00000000000,2133.00000000000,3456.00000000000,4162.00000000000,5229.00000000000,5630.00000000000,6348.00000000000,7560.00000000000,7991.00000000000,8708.00000000000,9537.00000000000,10625.0000000000,11834.0000000000,12577.0000000000,13742.0000000000,14345.0000000000,15437.0000000000,16172.0000000000,16799.0000000000,17618.0000000000,17880.0000000000,18638.0000000000,19022.0000000000,9731.00000000000,-13390.6800000000,-13116.1900000000,-274.490000000000,-30966.2663670000
67,'2/T0615/FAMSD_TS1',0,0.708900000000000,-295.715000000000,-272.697000000000,-7.00108000000000,-9.05833000000000,-6.95774000000000,-172.134093758062,-119.646407000935,141.377470613091,-59.9306000000000,-52.2967000000000,771.000000000000,1317.00000000000,2027.00000000000,2944.00000000000,4292.00000000000,5010.00000000000,5643.00000000000,6168.00000000000,7011.00000000000,7657.00000000000,8255.00000000000,9228.00000000000,10305.0000000000,11082.0000000000,12202.0000000000,12775.0000000000,13787.0000000000,14476.0000000000,15184.0000000000,15687.0000000000,16424.0000000000,17254.0000000000,17682.0000000000,18556.0000000000,9600.00000000000,-15612.5500000000,-13928.7600000000,-1683.80000000000,-32727.0901690000
68,'2/T0615/FAMSD_TS2',0,0.695100000000000,-284.768000000000,-262.494000000000,-6.47677000000000,-9.21283000000000,-6.58451000000000,-158.257794322839,-104.766666591762,201.140885643828,-51.8141000000000,-44.1503000000000,768.000000000000,1205.00000000000,2019.00000000000,2787.00000000000,4099.00000000000,4764.00000000000,5651.00000000000,5904.00000000000,6900.00000000000,7512.00000000000,8027.00000000000,9057.00000000000,10049.0000000000,11075.0000000000,12041.0000000000,12817.0000000000,13686.0000000000,14346.0000000000,15157.0000000000,15641.0000000000,16275.0000000000,17043.0000000000,17900.0000000000,18513.0000000000,9635.00000000000,-15325.1100000000,-13460.5300000000,-1864.59000000000,-31432.9098620000
69,'2/T0615/FAMSD_TS3',0,0.704500000000000,-276.404000000000,-257.051000000000,-5.19913000000000,-7.28954000000000,-6.86380000000000,-95.3233755444750,-88.2703971566763,192.661703252046,-49.0114000000000,-40.8774000000000,800.000000000000,1276.00000000000,2114.00000000000,2933.00000000000,4191.00000000000,4778.00000000000,5651.00000000000,5984.00000000000,7029.00000000000,7560.00000000000,8139.00000000000,8940.00000000000,9984.00000000000,10976.0000000000,11811.0000000000,12634.0000000000,13534.0000000000,14199.0000000000,14784.0000000000,15487.0000000000,16373.0000000000,16899.0000000000,17486.0000000000,18348.0000000000,9457.00000000000,-14326.3100000000,-13179.2300000000,-1147.08000000000,-31052.4178560000
70,'2/T0615/FAMSD_TS4',0,0.702400000000000,-292.893000000000,-267.648000000000,-7.26098000000000,-9.81823000000000,-8.16512000000000,-129.289178527985,-82.1705976709883,183.986341181076,-53.4111000000000,-46.5970000000000,790.000000000000,1187.00000000000,2111.00000000000,2824.00000000000,4135.00000000000,4907.00000000000,5606.00000000000,6178.00000000000,6925.00000000000,7646.00000000000,8079.00000000000,9197.00000000000,10225.0000000000,11051.0000000000,12306.0000000000,12821.0000000000,13787.0000000000,14420.0000000000,15097.0000000000,16002.0000000000,16648.0000000000,17549.0000000000,18033.0000000000,18961.0000000000,9807.00000000000,-15850.0000000000,-13712.6300000000,-2137.37000000000,-32167.6568130000
71,'2/T0615/FAMSD_TS5',0,0.571200000000000,-236.357000000000,-222.604000000000,-3.99238000000000,-5.44229000000000,-4.31811000000000,-98.7098136545849,-55.0918141591023,469.711552514786,-46.6359000000000,-41.4045000000000,775.000000000000,1199.00000000000,2012.00000000000,2748.00000000000,3933.00000000000,4556.00000000000,5120.00000000000,5564.00000000000,6372.00000000000,6792.00000000000,7203.00000000000,8034.00000000000,8586.00000000000,9338.00000000000,9700.00000000000,10319.0000000000,11136.0000000000,11439.0000000000,11829.0000000000,12220.0000000000,12710.0000000000,13301.0000000000,13563.0000000000,13832.0000000000,7183.00000000000,-12315.4600000000,-11478.9600000000,-836.500000000000,-27245.2184930000
72,'2/T0615/FFAS03a_TS1',0,0.691900000000000,-292.790000000000,-266.032000000000,-7.49193000000000,-10.9799000000000,-8.28661000000000,-266.631264684651,-165.199028169074,189.793521020215,-64.3005000000000,-55.6767000000000,802.000000000000,1227.00000000000,1959.00000000000,3115.00000000000,3899.00000000000,4838.00000000000,5369.00000000000,5794.00000000000,6756.00000000000,7193.00000000000,8028.00000000000,8785.00000000000,9822.00000000000,10715.0000000000,11620.0000000000,12413.0000000000,13374.0000000000,13928.0000000000,14694.0000000000,15396.0000000000,16017.0000000000,16540.0000000000,17674.0000000000,17919.0000000000,9421.00000000000,-14996.4000000000,-13633.8100000000,-1362.59000000000,-31891.1581800000
73,'2/T0615/FFAS03n_TS1',0,0.693900000000000,-294.560000000000,-267.023000000000,-8.54600000000000,-11.0335000000000,-7.95775000000000,-265.385218375154,-157.689531227747,133.676619623281,-63.6892000000000,-53.4138000000000,850.000000000000,1226.00000000000,1971.00000000000,3161.00000000000,3945.00000000000,4929.00000000000,5390.00000000000,6115.00000000000,6783.00000000000,7470.00000000000,8118.00000000000,8873.00000000000,9988.00000000000,10980.0000000000,11989.0000000000,12667.0000000000,13540.0000000000,14145.0000000000,14700.0000000000,15486.0000000000,16073.0000000000,16932.0000000000,17451.0000000000,18202.0000000000,9353.00000000000,-14448.5200000000,-13673.5800000000,-774.940000000000,-32080.9287160000
74,'2/T0615/FFAS03ss_TS1',0,0.693900000000000,-294.560000000000,-267.023000000000,-8.54600000000000,-11.0335000000000,-7.95775000000000,-265.385218375154,-157.689531227747,133.676619623281,-63.6892000000000,-53.4138000000000,850.000000000000,1226.00000000000,1971.00000000000,3161.00000000000,3945.00000000000,4929.00000000000,5390.00000000000,6115.00000000000,6783.00000000000,7470.00000000000,8118.00000000000,8873.00000000000,9988.00000000000,10980.0000000000,11989.0000000000,12667.0000000000,13540.0000000000,14145.0000000000,14700.0000000000,15486.0000000000,16073.0000000000,16932.0000000000,17451.0000000000,18202.0000000000,9353.00000000000,-14448.5200000000,-13673.5800000000,-774.940000000000,-32080.9287160000
75,'2/T0615/FFAS03_TS1',0,0.691900000000000,-292.790000000000,-266.032000000000,-7.49193000000000,-10.9799000000000,-8.28661000000000,-266.631264684651,-165.199028169074,189.793521020215,-64.3005000000000,-55.6767000000000,802.000000000000,1227.00000000000,1959.00000000000,3115.00000000000,3899.00000000000,4838.00000000000,5369.00000000000,5794.00000000000,6756.00000000000,7193.00000000000,8028.00000000000,8785.00000000000,9822.00000000000,10715.0000000000,11620.0000000000,12413.0000000000,13374.0000000000,13928.0000000000,14694.0000000000,15396.0000000000,16017.0000000000,16540.0000000000,17674.0000000000,17919.0000000000,9421.00000000000,-14996.4000000000,-13633.8100000000,-1362.59000000000,-31891.1581800000
76,'2/T0615/FUGUE_KM_AL1.pdb',0,0.623400000000000,-112.188000000000,-89.8191000000000,-6.77191000000000,-6.77559000000000,-8.82160000000000,-199.083588497041,-219.714063380013,12.5566067510100,-39.7291000000000,-50.7699000000000,492.000000000000,610.000000000000,847.000000000000,1115.00000000000,1161.00000000000,1145.00000000000,1239.00000000000,1123.00000000000,1075.00000000000,1351.00000000000,1404.00000000000,1797.00000000000,2043.00000000000,2484.00000000000,2745.00000000000,3013.00000000000,3312.00000000000,3360.00000000000,3589.00000000000,3631.00000000000,3810.00000000000,3902.00000000000,3850.00000000000,4061.00000000000,2042.00000000000,-1.66000000000000,-2.25000000000000,0.590000000000000,-10585.2955440000
77,'2/T0615/FUGUE_KM_AL2.pdb',0,0.466200000000000,-97.7540000000000,-84.1022000000000,-4.49215000000000,-4.06678000000000,-5.09287000000000,-88.0055732413119,-42.3662715931173,115.866039016416,-34.8343000000000,-44.7350000000000,538.000000000000,527.000000000000,869.000000000000,1053.00000000000,1148.00000000000,1126.00000000000,1235.00000000000,1122.00000000000,1159.00000000000,1312.00000000000,1476.00000000000,1842.00000000000,2091.00000000000,2438.00000000000,2708.00000000000,3080.00000000000,3338.00000000000,3388.00000000000,3588.00000000000,3749.00000000000,3935.00000000000,3972.00000000000,4049.00000000000,4098.00000000000,2006.00000000000,1.15000000000000,-1.75000000000000,2.90000000000000,-10014.2461910000
78,'2/T0615/FUGUE_KM_AL3.pdb',0,0.373400000000000,-107.087000000000,-91.5032000000000,-5.62969000000000,-5.40129000000000,-4.55288000000000,-214.716696464591,-115.165768679947,131.828581995269,-41.2055000000000,-51.1166000000000,437.000000000000,675.000000000000,875.000000000000,1185.00000000000,1146.00000000000,1149.00000000000,1225.00000000000,1115.00000000000,1140.00000000000,1369.00000000000,1474.00000000000,1763.00000000000,2149.00000000000,2503.00000000000,2851.00000000000,3026.00000000000,3440.00000000000,3592.00000000000,3625.00000000000,3868.00000000000,3874.00000000000,4079.00000000000,4111.00000000000,4097.00000000000,2021.00000000000,0.200000000000000,-0.880000000000000,1.08000000000000,-10773.0221560000
79,'2/T0615/FUGUE_KM_AL5.pdb',0,0.177100000000000,-86.3288000000000,-73.3440000000000,-3.66529000000000,-3.98765000000000,-5.33178000000000,-90.2445281561433,-19.1590762220734,80.0158855822153,-29.1342000000000,-38.1316000000000,390.000000000000,467.000000000000,718.000000000000,885.000000000000,990.000000000000,955.000000000000,1009.00000000000,906.000000000000,968.000000000000,1087.00000000000,1241.00000000000,1490.00000000000,1762.00000000000,2066.00000000000,2339.00000000000,2653.00000000000,3015.00000000000,3199.00000000000,3343.00000000000,3503.00000000000,3580.00000000000,3615.00000000000,3695.00000000000,3870.00000000000,1868.00000000000,-2.27000000000000,-1.81000000000000,-0.450000000000000,-8605.85754300000
80,'2/T0615/GSmetaserver_TS1',0,0.504900000000000,-162.602000000000,-156.883000000000,-1.95343000000000,-1.32001000000000,-2.44548000000000,-104.744013436373,-78.7780924188761,260.792306466310,-31.8282000000000,-27.3636000000000,579.000000000000,883.000000000000,1366.00000000000,2104.00000000000,2593.00000000000,3199.00000000000,3578.00000000000,3787.00000000000,4484.00000000000,4750.00000000000,5109.00000000000,5610.00000000000,6210.00000000000,6778.00000000000,7032.00000000000,7669.00000000000,8033.00000000000,8454.00000000000,8768.00000000000,9191.00000000000,9459.00000000000,9888.00000000000,10033.0000000000,10404.0000000000,5267.00000000000,-7232.24000000000,-8008.64000000000,776.400000000000,-18969.3319000000
81,'2/T0615/GSmetaserver_TS2',0,0.507600000000000,-161.968000000000,-155.982000000000,-1.94779000000000,-1.69887000000000,-2.33966000000000,-117.768920815907,-95.1697690711807,236.378700760984,-33.0197000000000,-29.0059000000000,569.000000000000,891.000000000000,1389.00000000000,2073.00000000000,2557.00000000000,3118.00000000000,3556.00000000000,3824.00000000000,4462.00000000000,4663.00000000000,5129.00000000000,5455.00000000000,6093.00000000000,6585.00000000000,6942.00000000000,7384.00000000000,7902.00000000000,8251.00000000000,8494.00000000000,8960.00000000000,9297.00000000000,9713.00000000000,9901.00000000000,10280.0000000000,5255.00000000000,-7408.83000000000,-7994.98000000000,586.140000000000,-18895.5626720000
82,'2/T0615/GSmetaserver_TS3',0,0.642600000000000,-264.396000000000,-246.247000000000,-5.84088000000000,-6.60259000000000,-5.70559000000000,-149.572677760628,-108.375834315682,183.223058227272,-45.9765000000000,-35.9528000000000,905.000000000000,1377.00000000000,2146.00000000000,3164.00000000000,4055.00000000000,4847.00000000000,5550.00000000000,6099.00000000000,6998.00000000000,7451.00000000000,8132.00000000000,9007.00000000000,9867.00000000000,10941.0000000000,11487.0000000000,12363.0000000000,13288.0000000000,13871.0000000000,14299.0000000000,15349.0000000000,15916.0000000000,16824.0000000000,17058.0000000000,17979.0000000000,9057.00000000000,-11814.2000000000,-12571.3100000000,757.100000000000,-29946.6607830000
83,'2/T0615/GSmetaserver_TS4',0,0.695900000000000,-281.548000000000,-255.441000000000,-7.68290000000000,-10.6342000000000,-7.79022000000000,-220.409213584933,-128.656601279174,182.779947963837,-53.2502000000000,-44.1680000000000,865.000000000000,1247.00000000000,2073.00000000000,3075.00000000000,3991.00000000000,4728.00000000000,5442.00000000000,5847.00000000000,6900.00000000000,7354.00000000000,8034.00000000000,8870.00000000000,9764.00000000000,10894.0000000000,11582.0000000000,12591.0000000000,13327.0000000000,14088.0000000000,14733.0000000000,15302.0000000000,16126.0000000000,17009.0000000000,17325.0000000000,18153.0000000000,9396.00000000000,-13786.9600000000,-13111.0600000000,-675.900000000000,-30885.2011250000
84,'2/T0615/GSmetaserver_TS5',0,0.675700000000000,-266.652000000000,-244.298000000000,-6.27856000000000,-8.96725000000000,-7.10817000000000,-147.940651574470,-167.810568923997,149.102355624974,-44.2372000000000,-35.9956000000000,912.000000000000,1313.00000000000,2184.00000000000,3144.00000000000,3971.00000000000,4767.00000000000,5421.00000000000,5856.00000000000,6880.00000000000,7302.00000000000,8066.00000000000,8683.00000000000,9723.00000000000,10765.0000000000,11602.0000000000,12168.0000000000,13112.0000000000,13892.0000000000,14589.0000000000,15151.0000000000,15836.0000000000,16420.0000000000,17077.0000000000,17734.0000000000,9215.00000000000,-13499.1800000000,-12524.7700000000,-974.410000000000,-29655.0864460000
85,'2/T0615/gws_TS1',0,0.690600000000000,-326.826000000000,-292.650000000000,-10.4115000000000,-13.8866000000000,-9.87791000000000,-308.103683469781,-233.686076754970,92.2242746250566,-79.1142000000000,-69.1859000000000,808.000000000000,1278.00000000000,2003.00000000000,3344.00000000000,4173.00000000000,5179.00000000000,5672.00000000000,6230.00000000000,7266.00000000000,7516.00000000000,8358.00000000000,9187.00000000000,10267.0000000000,11419.0000000000,12303.0000000000,13054.0000000000,13985.0000000000,14705.0000000000,15311.0000000000,15946.0000000000,16910.0000000000,17640.0000000000,18207.0000000000,19085.0000000000,9726.00000000000,-17621.4600000000,-14968.5500000000,-2652.92000000000,-35215.9081960000
86,'2/T0615/gws_TS2',0,0.697800000000000,-315.684000000000,-285.779000000000,-9.40849000000000,-11.3665000000000,-9.12958000000000,-308.889575836742,-199.127671391133,85.5775341667381,-71.0502000000000,-59.7379000000000,830.000000000000,1263.00000000000,1991.00000000000,3352.00000000000,4177.00000000000,5224.00000000000,5699.00000000000,6282.00000000000,7343.00000000000,7580.00000000000,8585.00000000000,9332.00000000000,10453.0000000000,11664.0000000000,12416.0000000000,13284.0000000000,14106.0000000000,14922.0000000000,15489.0000000000,16098.0000000000,17074.0000000000,17851.0000000000,18270.0000000000,19107.0000000000,9825.00000000000,-16474.5300000000,-14592.2600000000,-1882.27000000000,-34443.6510610000
87,'2/T0615/gws_TS3',0,0.697400000000000,-310.671000000000,-282.461000000000,-8.93461000000000,-10.3941000000000,-8.88060000000000,-299.069403419764,-179.123189411350,105.347213115971,-67.9757000000000,-56.9217000000000,806.000000000000,1283.00000000000,1988.00000000000,3365.00000000000,4201.00000000000,5268.00000000000,5578.00000000000,6372.00000000000,7278.00000000000,7647.00000000000,8376.00000000000,9350.00000000000,10339.0000000000,11624.0000000000,12378.0000000000,13340.0000000000,14028.0000000000,14792.0000000000,15551.0000000000,16024.0000000000,16948.0000000000,17654.0000000000,18317.0000000000,18966.0000000000,9702.00000000000,-16045.2500000000,-14456.1400000000,-1589.12000000000,-34111.0853850000
88,'2/T0615/gws_TS4',0,0.699100000000000,-311.271000000000,-282.016000000000,-9.21865000000000,-10.9791000000000,-9.05685000000000,-312.778012265545,-205.889276880185,127.205996232741,-66.6438000000000,-55.9311000000000,826.000000000000,1290.00000000000,1998.00000000000,3436.00000000000,4199.00000000000,5071.00000000000,5678.00000000000,6306.00000000000,7244.00000000000,7794.00000000000,8566.00000000000,9506.00000000000,10486.0000000000,11771.0000000000,12209.0000000000,13224.0000000000,14105.0000000000,14783.0000000000,15668.0000000000,16105.0000000000,17280.0000000000,18051.0000000000,18596.0000000000,18970.0000000000,9893.00000000000,-16329.8300000000,-14416.4000000000,-1913.43000000000,-34048.8198140000
89,'2/T0615/gws_TS5',0,0.699300000000000,-313.881000000000,-284.770000000000,-9.21937000000000,-11.1551000000000,-8.73619000000000,-306.441458440596,-189.663621107823,124.911697217630,-69.1407000000000,-60.1518000000000,837.000000000000,1301.00000000000,2024.00000000000,3403.00000000000,4201.00000000000,5139.00000000000,5536.00000000000,6325.00000000000,7250.00000000000,7752.00000000000,8423.00000000000,9491.00000000000,10258.0000000000,11685.0000000000,12335.0000000000,13218.0000000000,14055.0000000000,14775.0000000000,15449.0000000000,16101.0000000000,17051.0000000000,17667.0000000000,18252.0000000000,19041.0000000000,9700.00000000000,-16796.5800000000,-14565.2300000000,-2231.35000000000,-34328.3617580000
90,'2/T0615/HHpredA_TS1',0,0.738000000000000,-282.639000000000,-257.047000000000,-7.22594000000000,-10.6140000000000,-7.75129000000000,-155.133292900238,-171.142625356399,257.544108189411,-59.1350000000000,-50.3266000000000,733.000000000000,1208.00000000000,1950.00000000000,2859.00000000000,3771.00000000000,4672.00000000000,5127.00000000000,5812.00000000000,6520.00000000000,7141.00000000000,7753.00000000000,8655.00000000000,9573.00000000000,10488.0000000000,11286.0000000000,12275.0000000000,13080.0000000000,13825.0000000000,14265.0000000000,15032.0000000000,15670.0000000000,16633.0000000000,17104.0000000000,17938.0000000000,9099.00000000000,-14781.7300000000,-13351.2900000000,-1430.44000000000,-30791.6828940000
91,'2/T0615/HHpredB_TS1',0,0.738000000000000,-282.639000000000,-257.047000000000,-7.22594000000000,-10.6140000000000,-7.75129000000000,-155.133292900238,-171.142625356399,257.544108189411,-59.1350000000000,-50.3266000000000,733.000000000000,1208.00000000000,1950.00000000000,2859.00000000000,3771.00000000000,4672.00000000000,5127.00000000000,5812.00000000000,6520.00000000000,7141.00000000000,7753.00000000000,8655.00000000000,9573.00000000000,10488.0000000000,11286.0000000000,12275.0000000000,13080.0000000000,13825.0000000000,14265.0000000000,15032.0000000000,15670.0000000000,16633.0000000000,17104.0000000000,17938.0000000000,9099.00000000000,-14781.7300000000,-13351.2900000000,-1430.44000000000,-30791.6828940000
92,'2/T0615/HHpredC_TS1',0,0.738000000000000,-282.639000000000,-257.047000000000,-7.22594000000000,-10.6140000000000,-7.75129000000000,-155.133292900238,-171.142625356399,257.544108189411,-59.1350000000000,-50.3266000000000,733.000000000000,1208.00000000000,1950.00000000000,2859.00000000000,3771.00000000000,4672.00000000000,5127.00000000000,5812.00000000000,6520.00000000000,7141.00000000000,7753.00000000000,8655.00000000000,9573.00000000000,10488.0000000000,11286.0000000000,12275.0000000000,13080.0000000000,13825.0000000000,14265.0000000000,15032.0000000000,15670.0000000000,16633.0000000000,17104.0000000000,17938.0000000000,9099.00000000000,-14781.7300000000,-13351.2900000000,-1430.44000000000,-30791.6828940000
93,'2/T0615/IntFOLD-TS_TS1',0,0.662100000000000,-294.411000000000,-266.322000000000,-8.13298000000000,-10.7628000000000,-9.19372000000000,-275.890578740315,-167.131061751711,169.717763351678,-64.0417000000000,-54.1156000000000,823.000000000000,1253.00000000000,2077.00000000000,3251.00000000000,4029.00000000000,5031.00000000000,5527.00000000000,6186.00000000000,6853.00000000000,7508.00000000000,8188.00000000000,8893.00000000000,9681.00000000000,10808.0000000000,11801.0000000000,12400.0000000000,13146.0000000000,13811.0000000000,14737.0000000000,15318.0000000000,16131.0000000000,16697.0000000000,17260.0000000000,17993.0000000000,9264.00000000000,-14138.1200000000,-13625.6600000000,-512.460000000000,-32151.9817890000
94,'2/T0615/IntFOLD-TS_TS2',0,0.655600000000000,-287.203000000000,-261.648000000000,-7.48247000000000,-9.48101000000000,-8.59108000000000,-297.369568383301,-193.067824502647,192.910467369456,-60.3173000000000,-50.1443000000000,883.000000000000,1237.00000000000,2096.00000000000,3178.00000000000,4090.00000000000,4884.00000000000,5563.00000000000,6093.00000000000,6950.00000000000,7466.00000000000,8213.00000000000,9110.00000000000,9861.00000000000,10923.0000000000,11712.0000000000,12441.0000000000,13180.0000000000,13759.0000000000,14551.0000000000,15111.0000000000,15667.0000000000,16599.0000000000,17061.0000000000,17826.0000000000,9122.00000000000,-14745.2000000000,-13391.7900000000,-1353.41000000000,-31526.5531470000
95,'2/T0615/IntFOLD-TS_TS3',0,0.651900000000000,-288.248000000000,-261.747000000000,-7.70851000000000,-9.98109000000000,-8.81093000000000,-264.074131729211,-163.633216414183,304.823452333582,-64.4746000000000,-57.7456000000000,826.000000000000,1256.00000000000,2023.00000000000,3124.00000000000,3934.00000000000,4940.00000000000,5336.00000000000,5858.00000000000,6645.00000000000,7297.00000000000,7893.00000000000,8676.00000000000,9428.00000000000,10439.0000000000,11421.0000000000,11925.0000000000,12867.0000000000,13363.0000000000,14099.0000000000,14494.0000000000,15246.0000000000,15943.0000000000,16335.0000000000,17073.0000000000,8824.00000000000,-15080.3000000000,-13403.6600000000,-1676.64000000000,-31598.0715820000
96,'2/T0615/IntFOLD-TS_TS4',0,0.625400000000000,-290.587000000000,-266.417000000000,-7.43521000000000,-10.3983000000000,-6.33576000000000,-273.974284500605,-209.062394866599,281.782247075496,-69.7064000000000,-63.6736000000000,804.000000000000,1155.00000000000,1930.00000000000,3090.00000000000,3697.00000000000,4823.00000000000,5221.00000000000,5807.00000000000,6703.00000000000,7056.00000000000,7730.00000000000,8429.00000000000,9268.00000000000,10521.0000000000,11005.0000000000,12016.0000000000,12670.0000000000,13331.0000000000,14044.0000000000,14464.0000000000,15411.0000000000,16136.0000000000,16657.0000000000,17233.0000000000,9106.00000000000,-15208.0700000000,-13702.5900000000,-1505.48000000000,-31837.7819770000
97,'2/T0615/IntFOLD-TS_TS5',0,0.627800000000000,-288.047000000000,-263.692000000000,-7.59675000000000,-9.76065000000000,-6.99778000000000,-257.372617871258,-195.144216417151,172.031793873788,-62.7043000000000,-55.6790000000000,857.000000000000,1231.00000000000,1986.00000000000,3129.00000000000,3895.00000000000,4905.00000000000,5291.00000000000,6026.00000000000,6743.00000000000,7388.00000000000,8091.00000000000,8767.00000000000,9547.00000000000,10752.0000000000,11468.0000000000,12248.0000000000,13110.0000000000,13721.0000000000,14637.0000000000,14994.0000000000,15839.0000000000,16496.0000000000,17213.0000000000,17924.0000000000,9373.00000000000,-15760.6600000000,-13548.1300000000,-2212.53000000000,-31692.8517010000
98,'2/T0615/Jiang_Assembly_TS1',0,0.709400000000000,-306.171000000000,-277.446000000000,-8.21406000000000,-10.8262000000000,-9.68470000000000,-281.098572961209,-227.132269792046,168.450777511489,-68.3679000000000,-59.5510000000000,903.000000000000,1282.00000000000,1991.00000000000,3222.00000000000,4046.00000000000,5059.00000000000,5521.00000000000,6230.00000000000,7106.00000000000,7583.00000000000,8268.00000000000,9117.00000000000,10032.0000000000,11170.0000000000,11835.0000000000,13080.0000000000,13547.0000000000,14416.0000000000,14901.0000000000,15621.0000000000,16692.0000000000,17140.0000000000,18037.0000000000,18377.0000000000,9458.00000000000,-16643.5700000000,-14359.1900000000,-2284.38000000000,-33637.3897800000
99,'2/T0615/Jiang_Assembly_TS2',0,0.688800000000000,-316.766000000000,-284.501000000000,-9.66852000000000,-12.9405000000000,-9.65573000000000,-293.660764100488,-215.159868359923,173.354495382690,-72.5394000000000,-61.6560000000000,819.000000000000,1251.00000000000,1962.00000000000,3314.00000000000,3945.00000000000,5047.00000000000,5420.00000000000,6242.00000000000,7148.00000000000,7477.00000000000,8427.00000000000,9269.00000000000,10119.0000000000,11622.0000000000,12262.0000000000,13067.0000000000,14113.0000000000,14730.0000000000,15257.0000000000,16058.0000000000,17020.0000000000,17610.0000000000,18456.0000000000,19003.0000000000,9903.00000000000,-17355.4900000000,-14661.1600000000,-2694.34000000000,-34221.3127290000
100,'2/T0615/Jiang_Assembly_TS3',0,0.702800000000000,-302.160000000000,-273.891000000000,-8.37088000000000,-10.7886000000000,-9.10962000000000,-276.257356900402,-208.775141654289,193.241941882165,-67.3133000000000,-59.0182000000000,846.000000000000,1285.00000000000,1907.00000000000,3138.00000000000,3986.00000000000,4840.00000000000,5409.00000000000,6093.00000000000,7069.00000000000,7420.00000000000,8246.00000000000,9026.00000000000,9908.00000000000,10970.0000000000,11837.0000000000,12738.0000000000,13466.0000000000,14129.0000000000,14825.0000000000,15205.0000000000,16302.0000000000,16892.0000000000,17519.0000000000,18099.0000000000,9508.00000000000,-16460.9700000000,-14166.7900000000,-2294.18000000000,-33108.4079190000
101,'2/T0615/Jiang_Assembly_TS4',0,0.702800000000000,-302.160000000000,-273.891000000000,-8.37088000000000,-10.7886000000000,-9.10962000000000,-276.257356900402,-208.775141654289,193.241941882165,-67.3133000000000,-59.0182000000000,846.000000000000,1285.00000000000,1907.00000000000,3138.00000000000,3986.00000000000,4840.00000000000,5409.00000000000,6093.00000000000,7069.00000000000,7420.00000000000,8246.00000000000,9026.00000000000,9908.00000000000,10970.0000000000,11837.0000000000,12738.0000000000,13466.0000000000,14129.0000000000,14825.0000000000,15205.0000000000,16302.0000000000,16892.0000000000,17519.0000000000,18099.0000000000,9508.00000000000,-16460.9700000000,-14166.7900000000,-2294.18000000000,-33108.4079190000
102,'2/T0615/Jiang_Assembly_TS5',0,0.674000000000000,-294.514000000000,-272.286000000000,-6.77134000000000,-7.71888000000000,-7.73778000000000,-234.915779279637,-186.789339463718,229.923391758448,-54.7954000000000,-47.1738000000000,868.000000000000,1345.00000000000,2066.00000000000,3148.00000000000,4213.00000000000,4991.00000000000,5645.00000000000,6399.00000000000,7462.00000000000,7921.00000000000,8639.00000000000,9537.00000000000,10503.0000000000,11537.0000000000,12263.0000000000,13336.0000000000,14145.0000000000,14711.0000000000,15459.0000000000,16129.0000000000,16957.0000000000,17458.0000000000,18324.0000000000,18578.0000000000,9397.00000000000,-14817.7500000000,-14107.0200000000,-710.730000000000,-32986.4932210000
103,'2/T0615/Jiang_THREADER_TS1',0,0.709400000000000,-306.171000000000,-277.446000000000,-8.21406000000000,-10.8262000000000,-9.68470000000000,-281.098572961209,-227.132269792046,168.450777511489,-68.3679000000000,-59.5510000000000,903.000000000000,1282.00000000000,1991.00000000000,3222.00000000000,4046.00000000000,5059.00000000000,5521.00000000000,6230.00000000000,7106.00000000000,7583.00000000000,8268.00000000000,9117.00000000000,10032.0000000000,11170.0000000000,11835.0000000000,13080.0000000000,13547.0000000000,14416.0000000000,14901.0000000000,15621.0000000000,16692.0000000000,17140.0000000000,18037.0000000000,18377.0000000000,9458.00000000000,-16643.5700000000,-14359.1900000000,-2284.38000000000,-33637.3897800000
104,'2/T0615/Jiang_THREADER_TS2',0,0.688800000000000,-316.766000000000,-284.501000000000,-9.66852000000000,-12.9405000000000,-9.65573000000000,-293.660764100488,-215.159868359923,173.354495382690,-72.5394000000000,-61.6560000000000,819.000000000000,1251.00000000000,1962.00000000000,3314.00000000000,3945.00000000000,5047.00000000000,5420.00000000000,6242.00000000000,7148.00000000000,7477.00000000000,8427.00000000000,9269.00000000000,10119.0000000000,11622.0000000000,12262.0000000000,13067.0000000000,14113.0000000000,14730.0000000000,15257.0000000000,16058.0000000000,17020.0000000000,17610.0000000000,18456.0000000000,19003.0000000000,9903.00000000000,-17355.4900000000,-14661.1600000000,-2694.34000000000,-34221.3127290000
105,'2/T0615/Jiang_THREADER_TS3',0,0.388500000000000,-239.105000000000,-226.809000000000,-4.01627000000000,-5.42121000000000,-2.85877000000000,-227.218353157788,-148.576624210411,654.487140707397,-54.6164000000000,-36.2736000000000,757.000000000000,1150.00000000000,1819.00000000000,2811.00000000000,3553.00000000000,4422.00000000000,4782.00000000000,5409.00000000000,6247.00000000000,6553.00000000000,7294.00000000000,8009.00000000000,8877.00000000000,9682.00000000000,10460.0000000000,11192.0000000000,11817.0000000000,12783.0000000000,13397.0000000000,13986.0000000000,14465.0000000000,15045.0000000000,15694.0000000000,16083.0000000000,8356.00000000000,-9103.33000000000,-11688.8500000000,2585.52000000000,-27576.2264700000
106,'2/T0615/Jiang_THREADER_TS4',0,0.392700000000000,-237.637000000000,-226.847000000000,-4.73845000000000,-4.44037000000000,-1.61085000000000,-176.987032427350,-142.023639237068,589.350019908460,-50.2837000000000,-34.4899000000000,792.000000000000,1159.00000000000,1828.00000000000,2818.00000000000,3591.00000000000,4333.00000000000,4926.00000000000,5511.00000000000,6296.00000000000,6771.00000000000,7506.00000000000,8086.00000000000,8783.00000000000,9735.00000000000,10530.0000000000,11046.0000000000,11996.0000000000,12896.0000000000,13526.0000000000,14122.0000000000,14884.0000000000,15354.0000000000,15709.0000000000,16582.0000000000,8421.00000000000,-9011.75000000000,-11656.5000000000,2644.75000000000,-27673.6902410000
107,'2/T0615/Jiang_THREADER_TS5',0,0.390000000000000,-239.018000000000,-230.224000000000,-3.03408000000000,-1.49284000000000,-4.26759000000000,-160.577407224442,-73.0869939322638,535.885878148358,-38.0290000000000,-21.1260000000000,839.000000000000,1261.00000000000,1969.00000000000,3020.00000000000,3820.00000000000,4703.00000000000,5328.00000000000,6083.00000000000,7017.00000000000,7522.00000000000,8251.00000000000,9090.00000000000,9801.00000000000,10795.0000000000,11671.0000000000,12163.0000000000,13042.0000000000,13754.0000000000,14477.0000000000,15099.0000000000,15665.0000000000,16309.0000000000,16631.0000000000,17148.0000000000,8695.00000000000,-10655.5000000000,-11838.2200000000,1182.71000000000,-28288.0521200000
108,'2/T0615/LenServer_TS1',0,0.312500000000000,-304.731000000000,-271.265000000000,-10.5183000000000,-15.0751000000000,-7.87323000000000,-290.897562871963,-229.019361826331,380.813848569914,-92.0760000000000,-80.1660000000000,541.000000000000,1146.00000000000,1977.00000000000,3050.00000000000,4015.00000000000,4673.00000000000,5066.00000000000,5512.00000000000,6427.00000000000,6824.00000000000,7202.00000000000,8032.00000000000,8727.00000000000,9586.00000000000,10297.0000000000,10795.0000000000,11458.0000000000,12176.0000000000,12600.0000000000,12854.0000000000,13711.0000000000,13985.0000000000,14478.0000000000,14976.0000000000,7816.00000000000,-19368.5700000000,-14051.4700000000,-5317.10000000000,-32711.9054580000
109,'2/T0615/LenServer_TS2',0,0.237100000000000,-303.336000000000,-266.030000000000,-11.2945000000000,-18.6598000000000,-7.35200000000000,-294.942859132731,-229.874849352516,340.359763930984,-93.4221000000000,-85.7405000000000,553.000000000000,1152.00000000000,1903.00000000000,2827.00000000000,3776.00000000000,4489.00000000000,4818.00000000000,5289.00000000000,6127.00000000000,6335.00000000000,6605.00000000000,7437.00000000000,7915.00000000000,8982.00000000000,9494.00000000000,10226.0000000000,10919.0000000000,11705.0000000000,12335.0000000000,12505.0000000000,12991.0000000000,13559.0000000000,14146.0000000000,15039.0000000000,7621.00000000000,-18844.3600000000,-13706.7300000000,-5137.63000000000,-32183.7813480000
110,'2/T0615/LenServer_TS3',0,0.304900000000000,-309.483000000000,-267.383000000000,-13.5064000000000,-20.8370000000000,-7.75586000000000,-296.110875402253,-255.396265850321,489.917005175312,-93.8465000000000,-84.8203000000000,544.000000000000,1180.00000000000,1993.00000000000,2967.00000000000,3909.00000000000,4550.00000000000,4942.00000000000,5398.00000000000,6161.00000000000,6407.00000000000,6650.00000000000,7552.00000000000,8340.00000000000,9359.00000000000,9589.00000000000,10179.0000000000,11100.0000000000,11483.0000000000,12286.0000000000,12517.0000000000,13031.0000000000,13462.0000000000,14297.0000000000,15146.0000000000,7666.00000000000,-17602.3600000000,-13847.0800000000,-3755.28000000000,-32506.3621320000
111,'2/T0615/LenServer_TS4',0,0.236900000000000,-306.753000000000,-270.719000000000,-11.0674000000000,-16.2483000000000,-8.71795000000000,-271.915442606686,-221.362526759272,293.803148882953,-89.0110000000000,-87.7585000000000,533.000000000000,1162.00000000000,1909.00000000000,2961.00000000000,3782.00000000000,4472.00000000000,4926.00000000000,5405.00000000000,6188.00000000000,6469.00000000000,6695.00000000000,7764.00000000000,8220.00000000000,9375.00000000000,9593.00000000000,10288.0000000000,11083.0000000000,11438.0000000000,12238.0000000000,12725.0000000000,13272.0000000000,13547.0000000000,14325.0000000000,15119.0000000000,7557.00000000000,-19690.0400000000,-13958.4900000000,-5731.55000000000,-32869.5441040000
112,'2/T0615/LenServer_TS5',0,0.236400000000000,-309.269000000000,-276.311000000000,-10.6912000000000,-16.3298000000000,-5.93787000000000,-283.690350423698,-228.729417253556,270.585328085503,-93.1608000000000,-86.7649000000000,535.000000000000,1131.00000000000,1949.00000000000,2977.00000000000,3880.00000000000,4520.00000000000,4946.00000000000,5422.00000000000,6272.00000000000,6561.00000000000,6906.00000000000,7738.00000000000,8510.00000000000,9340.00000000000,10131.0000000000,10641.0000000000,11348.0000000000,12335.0000000000,12915.0000000000,13412.0000000000,14067.0000000000,14949.0000000000,15389.0000000000,16252.0000000000,8389.00000000000,-19334.7000000000,-14237.0000000000,-5097.70000000000,-33260.3120140000
113,'2/T0615/LMUserver_TS1',0,0.707800000000000,-294.386000000000,-265.824000000000,-7.94605000000000,-11.2980000000000,-9.31743000000000,-283.474888069659,-190.572045626552,217.213237984653,-61.0990000000000,-51.1050000000000,881.000000000000,1236.00000000000,2071.00000000000,3142.00000000000,4002.00000000000,4864.00000000000,5413.00000000000,6073.00000000000,6795.00000000000,7569.00000000000,8063.00000000000,9097.00000000000,9840.00000000000,11106.0000000000,11830.0000000000,12648.0000000000,13672.0000000000,14234.0000000000,15218.0000000000,15556.0000000000,16766.0000000000,16944.0000000000,18087.0000000000,18473.0000000000,9585.00000000000,-15301.5700000000,-13600.0200000000,-1701.55000000000,-31930.5663190000
114,'2/T0615/LMUserver_TS2',0,0.232100000000000,-278.199000000000,-247.920000000000,-9.81957000000000,-13.6681000000000,-6.79118000000000,-265.295603046359,-165.196840956056,588.804514563266,-58.4694000000000,-38.5583000000000,912.000000000000,1296.00000000000,2126.00000000000,3231.00000000000,3890.00000000000,4938.00000000000,5300.00000000000,5845.00000000000,6822.00000000000,7213.00000000000,7840.00000000000,8785.00000000000,9679.00000000000,10658.0000000000,11349.0000000000,12299.0000000000,13386.0000000000,14206.0000000000,14824.0000000000,15596.0000000000,16246.0000000000,16859.0000000000,17281.0000000000,18035.0000000000,9304.00000000000,-13415.7600000000,-12579.1400000000,-836.620000000000,-29855.2714810000
115,'2/T0615/LMUserver_TS3',0,0.192500000000000,-271.499000000000,-250.929000000000,-6.28358000000000,-6.10240000000000,-8.18378000000000,-280.034580145093,-198.700667871690,626.568561809830,-50.8579000000000,-27.2790000000000,926.000000000000,1275.00000000000,2083.00000000000,3278.00000000000,4077.00000000000,5043.00000000000,5671.00000000000,6323.00000000000,7282.00000000000,7747.00000000000,8533.00000000000,9472.00000000000,10108.0000000000,11440.0000000000,12271.0000000000,13253.0000000000,14272.0000000000,14945.0000000000,15628.0000000000,16658.0000000000,17074.0000000000,18141.0000000000,18742.0000000000,19265.0000000000,9775.00000000000,-10629.9000000000,-12811.4100000000,2181.51000000000,-30150.6192290000
116,'2/T0615/LMUserver_TS4',0,0.217800000000000,-272.186000000000,-251.702000000000,-6.26280000000000,-8.88051000000000,-5.34033000000000,-269.004330114976,-158.137079353092,444.705548245678,-56.9007000000000,-42.6426000000000,860.000000000000,1276.00000000000,1991.00000000000,3159.00000000000,3729.00000000000,4826.00000000000,5145.00000000000,5911.00000000000,6674.00000000000,7173.00000000000,7757.00000000000,8645.00000000000,9481.00000000000,10579.0000000000,11597.0000000000,12485.0000000000,13351.0000000000,14230.0000000000,14840.0000000000,15564.0000000000,16252.0000000000,17286.0000000000,17741.0000000000,18595.0000000000,9470.00000000000,-13062.8500000000,-12875.9000000000,-186.960000000000,-30286.5407810000
117,'2/T0615/LMUserver_TS5',0,0.455000000000000,-243.032000000000,-230.461000000000,-4.94109000000000,-4.94225000000000,-2.68739000000000,-161.145394990549,-59.9897400577306,425.873351042986,-48.3553000000000,-30.2536000000000,828.000000000000,1157.00000000000,1869.00000000000,3042.00000000000,3744.00000000000,4680.00000000000,4957.00000000000,5711.00000000000,6588.00000000000,7113.00000000000,7612.00000000000,8554.00000000000,9375.00000000000,10214.0000000000,10929.0000000000,11770.0000000000,12436.0000000000,13363.0000000000,14015.0000000000,14809.0000000000,15291.0000000000,16059.0000000000,16668.0000000000,17105.0000000000,8765.00000000000,-10043.0900000000,-11815.0000000000,1771.91000000000,-27693.3871410000
118,'2/T0615/LOOPP_Austin_TS1',0,0.602800000000000,-252.645000000000,-227.460000000000,-7.64975000000000,-10.5793000000000,-6.95627000000000,-230.442033092526,-167.697452654730,195.902779581829,-59.2145000000000,-51.3783000000000,690.000000000000,1046.00000000000,1663.00000000000,2726.00000000000,3247.00000000000,4122.00000000000,4465.00000000000,5141.00000000000,5873.00000000000,6143.00000000000,6744.00000000000,7491.00000000000,8184.00000000000,9102.00000000000,9721.00000000000,10243.0000000000,11099.0000000000,11644.0000000000,12072.0000000000,12396.0000000000,13225.0000000000,13796.0000000000,14239.0000000000,14789.0000000000,7465.00000000000,-12171.9100000000,-11665.5300000000,-506.370000000000,-27170.7681370000
119,'2/T0615/LOOPP_Austin_TS2',0,0.586900000000000,-238.929000000000,-221.114000000000,-5.47538000000000,-7.29149000000000,-5.04808000000000,-215.726044885487,-153.220979721209,266.864370851828,-54.9853000000000,-47.6589000000000,711.000000000000,1064.00000000000,1696.00000000000,2628.00000000000,3245.00000000000,4111.00000000000,4472.00000000000,4968.00000000000,5739.00000000000,6284.00000000000,6725.00000000000,7439.00000000000,8158.00000000000,8927.00000000000,9685.00000000000,10088.0000000000,10922.0000000000,11417.0000000000,12111.0000000000,12294.0000000000,13181.0000000000,13464.0000000000,13942.0000000000,14201.0000000000,7276.00000000000,-11572.1800000000,-11370.8100000000,-201.370000000000,-26305.9787640000
120,'2/T0615/m4t_2009_TS1',0,0.685500000000000,-298.473000000000,-269.633000000000,-8.22380000000000,-10.8933000000000,-9.72309000000000,-241.546168894823,-183.107653500831,175.780138616237,-62.3509000000000,-54.1598000000000,877.000000000000,1214.00000000000,2051.00000000000,3215.00000000000,4068.00000000000,4900.00000000000,5391.00000000000,6022.00000000000,7025.00000000000,7488.00000000000,8242.00000000000,9114.00000000000,9993.00000000000,11158.0000000000,12005.0000000000,12735.0000000000,13637.0000000000,14289.0000000000,14886.0000000000,15562.0000000000,16342.0000000000,17030.0000000000,17715.0000000000,18253.0000000000,9472.00000000000,-15305.5800000000,-13737.0100000000,-1568.57000000000,-32422.8334980000
121,'2/T0615/Ma-OPUS-server_TS1',0,0.692000000000000,-276.010000000000,-259.026000000000,-5.17728000000000,-5.91317000000000,-5.89371000000000,-236.032770198801,-115.070190730527,215.676179332318,-42.2710000000000,-30.6116000000000,932.000000000000,1404.00000000000,2257.00000000000,3412.00000000000,4346.00000000000,5309.00000000000,5785.00000000000,6430.00000000000,7355.00000000000,8069.00000000000,8923.00000000000,9734.00000000000,10593.0000000000,11700.0000000000,12618.0000000000,13462.0000000000,14416.0000000000,14997.0000000000,15864.0000000000,16745.0000000000,17309.0000000000,17936.0000000000,18487.0000000000,19056.0000000000,9900.00000000000,-12063.8900000000,-13233.2600000000,1169.37000000000,-31453.0196580000
122,'2/T0615/Ma-OPUS-server_TS2',0,0.215600000000000,-245.304000000000,-232.585000000000,-4.87286000000000,-3.65511000000000,-4.19170000000000,-206.407920104202,-133.713509411579,491.734413908857,-39.0886000000000,-20.9214000000000,915.000000000000,1233.00000000000,2067.00000000000,3230.00000000000,4034.00000000000,5022.00000000000,5570.00000000000,6172.00000000000,7090.00000000000,7673.00000000000,8388.00000000000,8863.00000000000,9941.00000000000,10813.0000000000,11648.0000000000,12460.0000000000,13215.0000000000,13948.0000000000,14548.0000000000,15181.0000000000,15896.0000000000,16374.0000000000,16819.0000000000,17289.0000000000,8767.00000000000,-10527.4000000000,-11787.2100000000,1259.81000000000,-28328.1174170000
123,'2/T0615/Ma-OPUS-server_TS3',0,0.197200000000000,-209.468000000000,-204.180000000000,-2.50877000000000,-1.34094000000000,-1.43820000000000,-197.859046752465,-90.6640408536357,494.150623911553,-37.4710000000000,-23.3969000000000,854.000000000000,1154.00000000000,1864.00000000000,2869.00000000000,3596.00000000000,4416.00000000000,4968.00000000000,5498.00000000000,6271.00000000000,6819.00000000000,7283.00000000000,8092.00000000000,8692.00000000000,9298.00000000000,10090.0000000000,10551.0000000000,11179.0000000000,11673.0000000000,12262.0000000000,12493.0000000000,13083.0000000000,13424.0000000000,13744.0000000000,13746.0000000000,7338.00000000000,-9499.58000000000,-10435.3400000000,935.760000000000,-24792.2949800000
124,'2/T0615/Ma-OPUS-server_TS4',0,0.213100000000000,-208.528000000000,-202.095000000000,-3.18563000000000,-2.52510000000000,-0.721654000000000,-124.315675109456,-28.0250799423208,668.166796811174,-33.4884000000000,-17.9254000000000,770.000000000000,1083.00000000000,1811.00000000000,2762.00000000000,3596.00000000000,4190.00000000000,4827.00000000000,5316.00000000000,6111.00000000000,6541.00000000000,7278.00000000000,7865.00000000000,8545.00000000000,9481.00000000000,10109.0000000000,10729.0000000000,11565.0000000000,12095.0000000000,12654.0000000000,13443.0000000000,14260.0000000000,14730.0000000000,15365.0000000000,15935.0000000000,8236.00000000000,-9114.36000000000,-10197.1600000000,1082.80000000000,-24586.2773600000
125,'2/T0615/Ma-OPUS-server_TS5',0,0.201000000000000,-224.857000000000,-219.233000000000,-3.24944000000000,-2.38252000000000,8.150269999999999E-003,-146.668581825779,-31.8839186930581,486.606846605804,-31.0753000000000,-19.8298000000000,854.000000000000,1274.00000000000,2082.00000000000,3061.00000000000,4017.00000000000,4648.00000000000,5386.00000000000,6059.00000000000,6753.00000000000,7316.00000000000,7911.00000000000,8753.00000000000,9467.00000000000,9933.00000000000,10983.0000000000,11649.0000000000,12272.0000000000,12965.0000000000,13787.0000000000,14057.0000000000,14885.0000000000,15208.0000000000,15920.0000000000,16636.0000000000,8289.00000000000,-10183.0200000000,-11216.9100000000,1033.89000000000,-26688.9773360000
126,'2/T0615/MUFOLD-MD_TS1',0,0.716500000000000,-320.922000000000,-292.409000000000,-9.21801000000000,-11.9695000000000,-7.32514000000000,-257.861367588795,-177.546312010458,142.502565783584,-76.6244000000000,-67.1888000000000,676.000000000000,1136.00000000000,2069.00000000000,3248.00000000000,4207.00000000000,5030.00000000000,5528.00000000000,6139.00000000000,7056.00000000000,7583.00000000000,8338.00000000000,9243.00000000000,10274.0000000000,11394.0000000000,12081.0000000000,13312.0000000000,13999.0000000000,14728.0000000000,15618.0000000000,16049.0000000000,16740.0000000000,17437.0000000000,17977.0000000000,18560.0000000000,9518.00000000000,-14930.0900000000,-20025.2300000000,5095.14000000000,-35021.1069890000
127,'2/T0615/MUFOLD-MD_TS2',0,0.663800000000000,-314.693000000000,-289.439000000000,-7.90394000000000,-11.4419000000000,-5.90840000000000,-190.907699190228,-162.932778042949,250.028477861309,-76.0303000000000,-69.4933000000000,658.000000000000,1105.00000000000,2150.00000000000,3150.00000000000,4121.00000000000,4903.00000000000,5407.00000000000,6069.00000000000,6988.00000000000,7350.00000000000,8108.00000000000,9188.00000000000,10075.0000000000,11154.0000000000,11866.0000000000,12912.0000000000,13555.0000000000,14392.0000000000,15148.0000000000,15703.0000000000,16446.0000000000,16869.0000000000,17784.0000000000,18411.0000000000,9508.00000000000,-14108.1300000000,-19525.0600000000,5416.92000000000,-34625.9444230000
128,'2/T0615/MUFOLD-MD_TS3',0,0.698500000000000,-322.247000000000,-291.729000000000,-8.60306000000000,-13.8728000000000,-8.04190000000000,-244.845601775284,-136.141745715589,175.757948035079,-77.5307000000000,-67.9277000000000,664.000000000000,1131.00000000000,2130.00000000000,3206.00000000000,4248.00000000000,5040.00000000000,5473.00000000000,6042.00000000000,7061.00000000000,7279.00000000000,8228.00000000000,9189.00000000000,10201.0000000000,11394.0000000000,12201.0000000000,13022.0000000000,13897.0000000000,14718.0000000000,15208.0000000000,16127.0000000000,16872.0000000000,17599.0000000000,18349.0000000000,18841.0000000000,9791.00000000000,-14785.6300000000,-19820.2300000000,5034.60000000000,-34934.8872070000
129,'2/T0615/MUFOLD-MD_TS4',0,0.695900000000000,-325.149000000000,-294.791000000000,-9.05602000000000,-14.1814000000000,-7.12049000000000,-249.395504337109,-178.554797274715,210.222669049957,-80.2207000000000,-72.0363000000000,662.000000000000,1129.00000000000,2091.00000000000,3234.00000000000,4137.00000000000,5010.00000000000,5371.00000000000,6066.00000000000,6969.00000000000,7561.00000000000,8198.00000000000,9038.00000000000,10206.0000000000,11339.0000000000,12088.0000000000,12879.0000000000,13924.0000000000,14671.0000000000,15055.0000000000,16049.0000000000,16523.0000000000,17659.0000000000,18233.0000000000,18792.0000000000,9706.00000000000,-15602.1300000000,-20073.7300000000,4471.60000000000,-35288.7813050000
130,'2/T0615/MUFOLD-MD_TS5',0,0.704400000000000,-326.880000000000,-297.571000000000,-8.70075000000000,-12.6584000000000,-7.94927000000000,-257.497847049009,-165.272657999293,130.917135268075,-78.0838000000000,-69.0902000000000,656.000000000000,1147.00000000000,2148.00000000000,3252.00000000000,4356.00000000000,5048.00000000000,5521.00000000000,6100.00000000000,7077.00000000000,7631.00000000000,8552.00000000000,9411.00000000000,10309.0000000000,11741.0000000000,12330.0000000000,13247.0000000000,14179.0000000000,14857.0000000000,15847.0000000000,16446.0000000000,17242.0000000000,17894.0000000000,18575.0000000000,19017.0000000000,9855.00000000000,-14181.1000000000,-20255.5900000000,6074.49000000000,-35609.9260140000
131,'2/T0615/MUFOLD-Server_TS1',0,0.701800000000000,-299.768000000000,-272.214000000000,-8.35415000000000,-10.3814000000000,-8.81900000000000,-254.807719430938,-187.635445574266,235.549529262270,-66.6171000000000,-58.1940000000000,856.000000000000,1173.00000000000,1975.00000000000,3144.00000000000,3877.00000000000,4840.00000000000,5344.00000000000,5941.00000000000,6708.00000000000,7289.00000000000,8256.00000000000,8937.00000000000,9877.00000000000,11095.0000000000,11785.0000000000,12647.0000000000,13632.0000000000,14175.0000000000,15196.0000000000,15590.0000000000,16500.0000000000,17046.0000000000,17845.0000000000,18470.0000000000,9536.00000000000,-16042.2800000000,-13981.8000000000,-2060.48000000000,-32583.9764740000
132,'2/T0615/MUFOLD-Server_TS2',0,0.707900000000000,-306.573000000000,-274.857000000000,-9.37581000000000,-12.5826000000000,-9.75812000000000,-267.415778661638,-193.628635606684,206.584650575784,-71.0970000000000,-64.0657000000000,835.000000000000,1167.00000000000,1873.00000000000,3165.00000000000,3851.00000000000,4905.00000000000,5324.00000000000,5894.00000000000,6690.00000000000,7355.00000000000,7919.00000000000,8807.00000000000,9695.00000000000,10909.0000000000,11467.0000000000,12324.0000000000,13178.0000000000,13779.0000000000,14734.0000000000,15389.0000000000,16285.0000000000,16966.0000000000,17404.0000000000,18113.0000000000,9416.00000000000,-17377.2600000000,-14085.8800000000,-3291.38000000000,-32970.4917690000
133,'2/T0615/MUFOLD-Server_TS3',0,0.704900000000000,-307.169000000000,-275.595000000000,-9.67536000000000,-12.0268000000000,-9.87216000000000,-274.180411450271,-179.547632788093,190.552635644335,-71.4437000000000,-63.5113000000000,835.000000000000,1184.00000000000,1951.00000000000,3160.00000000000,3855.00000000000,4893.00000000000,5338.00000000000,6008.00000000000,6806.00000000000,7324.00000000000,8023.00000000000,8930.00000000000,9914.00000000000,10793.0000000000,11643.0000000000,12502.0000000000,13364.0000000000,13911.0000000000,14774.0000000000,15468.0000000000,16201.0000000000,17003.0000000000,17564.0000000000,18181.0000000000,9511.00000000000,-16548.8400000000,-14144.0100000000,-2404.84000000000,-33008.0863630000
134,'2/T0615/MUFOLD-Server_TS4',0,0.690500000000000,-293.277000000000,-266.756000000000,-7.78474000000000,-10.4206000000000,-8.31599000000000,-245.002185992576,-164.904108746392,243.451640277181,-65.5217000000000,-55.4133000000000,817.000000000000,1184.00000000000,1921.00000000000,3077.00000000000,3907.00000000000,4842.00000000000,5371.00000000000,5897.00000000000,6737.00000000000,7315.00000000000,8071.00000000000,8756.00000000000,9770.00000000000,10705.0000000000,11565.0000000000,12522.0000000000,13245.0000000000,13978.0000000000,14734.0000000000,15292.0000000000,16070.0000000000,16931.0000000000,17503.0000000000,17841.0000000000,9255.00000000000,-15347.2400000000,-13679.7100000000,-1667.54000000000,-32067.6888930000
135,'2/T0615/MUFOLD-Server_TS5',0,0.701700000000000,-299.365000000000,-272.305000000000,-7.82947000000000,-10.5110000000000,-8.71968000000000,-271.087576245181,-182.008266501699,200.462754984815,-67.0157000000000,-58.8603000000000,856.000000000000,1157.00000000000,1956.00000000000,3117.00000000000,3930.00000000000,4846.00000000000,5306.00000000000,5937.00000000000,6715.00000000000,7280.00000000000,8073.00000000000,8933.00000000000,9866.00000000000,10953.0000000000,11729.0000000000,12593.0000000000,13474.0000000000,14332.0000000000,15078.0000000000,15623.0000000000,16470.0000000000,17084.0000000000,17805.0000000000,18487.0000000000,9335.00000000000,-16206.0400000000,-13958.0900000000,-2247.95000000000,-32647.9007630000
136,'2/T0615/MULTICOM-CLUSTER_TS1',0,0.703100000000000,-318.543000000000,-286.980000000000,-9.10268000000000,-12.4211000000000,-10.0398000000000,-331.297466851081,-245.300679461466,205.581169299029,-73.2114000000000,-65.7350000000000,829.000000000000,1260.00000000000,1988.00000000000,3185.00000000000,4112.00000000000,5010.00000000000,5469.00000000000,6205.00000000000,7164.00000000000,7656.00000000000,8348.00000000000,9251.00000000000,10211.0000000000,11346.0000000000,12094.0000000000,12908.0000000000,14005.0000000000,14447.0000000000,15131.0000000000,15764.0000000000,16706.0000000000,17443.0000000000,18121.0000000000,18827.0000000000,9662.00000000000,-18199.4200000000,-14825.1300000000,-3374.28000000000,-34596.1450630000
137,'2/T0615/MULTICOM-CLUSTER_TS2',0,0.693000000000000,-315.347000000000,-287.451000000000,-8.27562000000000,-10.2654000000000,-9.35488000000000,-290.471103461235,-214.441840522056,134.964696937589,-68.5973000000000,-63.7519000000000,805.000000000000,1300.00000000000,1984.00000000000,3274.00000000000,4092.00000000000,4937.00000000000,5456.00000000000,6380.00000000000,7286.00000000000,7771.00000000000,8534.00000000000,9268.00000000000,10379.0000000000,11507.0000000000,12320.0000000000,13106.0000000000,14028.0000000000,14710.0000000000,15344.0000000000,15948.0000000000,16958.0000000000,17497.0000000000,18090.0000000000,18816.0000000000,9793.00000000000,-18380.5900000000,-14776.5100000000,-3604.08000000000,-34555.4500780000
138,'2/T0615/MULTICOM-CLUSTER_TS3',0,0.671200000000000,-296.743000000000,-269.111000000000,-8.31822000000000,-10.1245000000000,-9.18872000000000,-307.124095434341,-196.439359314575,216.391911632687,-58.7546000000000,-50.8292000000000,813.000000000000,1277.00000000000,1990.00000000000,3197.00000000000,4059.00000000000,4928.00000000000,5490.00000000000,6255.00000000000,7254.00000000000,7663.00000000000,8241.00000000000,9303.00000000000,10116.0000000000,11068.0000000000,11819.0000000000,12780.0000000000,13695.0000000000,14179.0000000000,14924.0000000000,15507.0000000000,16374.0000000000,16901.0000000000,17590.0000000000,18237.0000000000,9282.00000000000,-16487.9800000000,-13923.9700000000,-2564.02000000000,-32695.0026770000
139,'2/T0615/MULTICOM-CLUSTER_TS4',0,0.693000000000000,-306.892000000000,-278.251000000000,-8.36121000000000,-11.2257000000000,-9.05418000000000,-313.591688801721,-226.203111192748,187.728995287126,-70.1545000000000,-63.6035000000000,815.000000000000,1224.00000000000,1933.00000000000,3132.00000000000,3948.00000000000,4830.00000000000,5423.00000000000,6021.00000000000,7047.00000000000,7494.00000000000,8077.00000000000,9125.00000000000,9794.00000000000,11059.0000000000,11598.0000000000,12549.0000000000,13441.0000000000,13977.0000000000,14752.0000000000,15315.0000000000,16148.0000000000,16911.0000000000,17256.0000000000,18091.0000000000,9257.00000000000,-17586.4800000000,-14286.4500000000,-3300.03000000000,-33584.2359530000
140,'2/T0615/MULTICOM-CLUSTER_TS5',0,0.667600000000000,-316.834000000000,-284.092000000000,-9.84245000000000,-12.8111000000000,-10.0893000000000,-315.641541350914,-226.796695380790,216.265899173641,-72.5973000000000,-64.8020000000000,801.000000000000,1272.00000000000,1992.00000000000,3184.00000000000,4153.00000000000,4953.00000000000,5478.00000000000,6194.00000000000,7163.00000000000,7480.00000000000,8265.00000000000,9128.00000000000,10147.0000000000,11297.0000000000,11908.0000000000,12828.0000000000,13790.0000000000,14274.0000000000,15005.0000000000,15575.0000000000,16555.0000000000,17209.0000000000,17903.0000000000,18500.0000000000,9663.00000000000,-17915.4400000000,-14685.1000000000,-3230.35000000000,-34170.0456050000
141,'2/T0615/MULTICOM-CONSTRUCT_TS1',0,0.660300000000000,-311.774000000000,-280.397000000000,-9.17015000000000,-12.4616000000000,-9.74547000000000,-320.380948714759,-214.572080466486,160.051435819691,-70.9374000000000,-63.5922000000000,800.000000000000,1288.00000000000,1956.00000000000,3157.00000000000,4099.00000000000,4909.00000000000,5531.00000000000,6190.00000000000,7179.00000000000,7558.00000000000,8209.00000000000,9123.00000000000,10008.0000000000,11250.0000000000,11773.0000000000,12551.0000000000,13505.0000000000,14032.0000000000,14856.0000000000,15261.0000000000,16271.0000000000,16950.0000000000,17670.0000000000,18137.0000000000,9596.00000000000,-17237.9200000000,-14479.5800000000,-2758.34000000000,-33901.2085190000
142,'2/T0615/MULTICOM-CONSTRUCT_TS2',0,0.667600000000000,-316.834000000000,-284.092000000000,-9.84245000000000,-12.8111000000000,-10.0893000000000,-315.641541350914,-226.796695380790,216.265899173641,-72.5973000000000,-64.8020000000000,801.000000000000,1272.00000000000,1992.00000000000,3184.00000000000,4153.00000000000,4953.00000000000,5478.00000000000,6194.00000000000,7163.00000000000,7480.00000000000,8265.00000000000,9128.00000000000,10147.0000000000,11297.0000000000,11908.0000000000,12828.0000000000,13790.0000000000,14274.0000000000,15005.0000000000,15575.0000000000,16555.0000000000,17209.0000000000,17903.0000000000,18500.0000000000,9663.00000000000,-17915.4400000000,-14685.1000000000,-3230.35000000000,-34170.0456050000
143,'2/T0615/MULTICOM-CONSTRUCT_TS3',0,0.664000000000000,-315.819000000000,-285.261000000000,-8.86084000000000,-12.6013000000000,-9.09526000000000,-282.681862398177,-194.112686470302,164.710515323357,-75.1463000000000,-67.3416000000000,774.000000000000,1240.00000000000,1970.00000000000,3114.00000000000,4046.00000000000,4914.00000000000,5394.00000000000,6015.00000000000,7197.00000000000,7386.00000000000,8271.00000000000,9058.00000000000,10217.0000000000,11179.0000000000,11796.0000000000,12724.0000000000,13746.0000000000,14258.0000000000,14881.0000000000,15687.0000000000,16710.0000000000,17165.0000000000,18061.0000000000,18585.0000000000,9654.00000000000,-17929.1600000000,-14666.0500000000,-3263.11000000000,-34255.4195600000
144,'2/T0615/MULTICOM-CONSTRUCT_TS4',0,0.660300000000000,-304.391000000000,-274.439000000000,-8.53625000000000,-12.1069000000000,-9.30900000000000,-263.012567525060,-186.467167539118,224.638856035197,-67.4655000000000,-59.7861000000000,815.000000000000,1227.00000000000,1983.00000000000,3067.00000000000,4066.00000000000,4820.00000000000,5562.00000000000,6111.00000000000,7045.00000000000,7605.00000000000,8119.00000000000,9094.00000000000,9910.00000000000,11031.0000000000,11656.0000000000,12740.0000000000,13269.0000000000,13912.0000000000,14675.0000000000,15305.0000000000,15869.0000000000,16984.0000000000,17107.0000000000,18060.0000000000,9352.00000000000,-15921.1100000000,-14141.0300000000,-1780.08000000000,-33054.3999080000
145,'2/T0615/MULTICOM-CONSTRUCT_TS5',0,0.656900000000000,-298.646000000000,-268.051000000000,-9.16954000000000,-12.1071000000000,-9.31818000000000,-305.331771073267,-208.393769200470,409.460099007825,-67.8075000000000,-60.8720000000000,799.000000000000,1224.00000000000,1940.00000000000,2957.00000000000,3945.00000000000,4706.00000000000,5220.00000000000,6033.00000000000,6768.00000000000,7270.00000000000,7787.00000000000,8716.00000000000,9396.00000000000,10568.0000000000,11460.0000000000,12227.0000000000,12984.0000000000,13518.0000000000,14105.0000000000,14808.0000000000,15511.0000000000,16138.0000000000,16912.0000000000,17528.0000000000,9134.00000000000,-16346.1800000000,-13856.4700000000,-2489.71000000000,-32486.7314370000
146,'2/T0615/MULTICOM-NOVEL_TS1',0,0.672400000000000,-303.974000000000,-275.028000000000,-7.80379000000000,-11.8802000000000,-9.26207000000000,-302.810272808240,-185.136927535357,244.623948326809,-68.8574000000000,-62.5499000000000,788.000000000000,1249.00000000000,1873.00000000000,3071.00000000000,3885.00000000000,4763.00000000000,5363.00000000000,5993.00000000000,6872.00000000000,7198.00000000000,7952.00000000000,8833.00000000000,9784.00000000000,10882.0000000000,11644.0000000000,12591.0000000000,13550.0000000000,13823.0000000000,14694.0000000000,15403.0000000000,16048.0000000000,16998.0000000000,17522.0000000000,18441.0000000000,9387.00000000000,-17264.1900000000,-14162.2200000000,-3101.98000000000,-33083.9929170000
147,'2/T0615/MULTICOM-NOVEL_TS2',0,0.672400000000000,-303.974000000000,-275.028000000000,-7.80379000000000,-11.8802000000000,-9.26207000000000,-302.810272808240,-185.136927535357,244.623948326809,-68.8574000000000,-62.5499000000000,788.000000000000,1249.00000000000,1873.00000000000,3071.00000000000,3885.00000000000,4763.00000000000,5363.00000000000,5993.00000000000,6872.00000000000,7198.00000000000,7952.00000000000,8833.00000000000,9784.00000000000,10882.0000000000,11644.0000000000,12591.0000000000,13550.0000000000,13823.0000000000,14694.0000000000,15403.0000000000,16048.0000000000,16998.0000000000,17522.0000000000,18441.0000000000,9387.00000000000,-17264.1900000000,-14162.2200000000,-3101.98000000000,-33083.9929170000
148,'2/T0615/MULTICOM-NOVEL_TS3',0,0.660300000000000,-304.391000000000,-274.439000000000,-8.53625000000000,-12.1069000000000,-9.30900000000000,-263.012567525060,-186.467167539118,224.638856035197,-67.4655000000000,-59.7861000000000,815.000000000000,1227.00000000000,1983.00000000000,3067.00000000000,4066.00000000000,4820.00000000000,5562.00000000000,6111.00000000000,7045.00000000000,7605.00000000000,8119.00000000000,9094.00000000000,9910.00000000000,11031.0000000000,11656.0000000000,12740.0000000000,13269.0000000000,13912.0000000000,14675.0000000000,15305.0000000000,15869.0000000000,16984.0000000000,17107.0000000000,18060.0000000000,9352.00000000000,-15921.1100000000,-14141.0300000000,-1780.08000000000,-33054.3999080000
149,'2/T0615/MULTICOM-NOVEL_TS4',0,0.656900000000000,-298.646000000000,-268.051000000000,-9.16954000000000,-12.1071000000000,-9.31818000000000,-305.331771073267,-208.393769200470,409.460099007825,-67.8075000000000,-60.8720000000000,799.000000000000,1224.00000000000,1940.00000000000,2957.00000000000,3945.00000000000,4706.00000000000,5220.00000000000,6033.00000000000,6768.00000000000,7270.00000000000,7787.00000000000,8716.00000000000,9396.00000000000,10568.0000000000,11460.0000000000,12227.0000000000,12984.0000000000,13518.0000000000,14105.0000000000,14808.0000000000,15511.0000000000,16138.0000000000,16912.0000000000,17528.0000000000,9134.00000000000,-16346.1800000000,-13856.4700000000,-2489.71000000000,-32486.7314370000
150,'2/T0615/MULTICOM-NOVEL_TS5',0,0.673100000000000,-301.400000000000,-271.750000000000,-8.36898000000000,-11.8913000000000,-9.38984000000000,-282.072632315133,-181.096881533519,246.035991219292,-67.3059000000000,-60.8547000000000,789.000000000000,1251.00000000000,1908.00000000000,3033.00000000000,4021.00000000000,4761.00000000000,5388.00000000000,5879.00000000000,6977.00000000000,7217.00000000000,7899.00000000000,8768.00000000000,9641.00000000000,10849.0000000000,11416.0000000000,12328.0000000000,13204.0000000000,13656.0000000000,14631.0000000000,15270.0000000000,16067.0000000000,16735.0000000000,17384.0000000000,18175.0000000000,9484.00000000000,-17171.5800000000,-14024.1900000000,-3147.39000000000,-32844.7280330000
151,'2/T0615/MULTICOM-REFINE_TS1',0,0.670500000000000,-313.180000000000,-280.311000000000,-9.86429000000000,-13.1843000000000,-9.81987000000000,-308.000314180541,-200.317184646207,182.579275558261,-73.3703000000000,-66.5415000000000,796.000000000000,1225.00000000000,1934.00000000000,3152.00000000000,4025.00000000000,4960.00000000000,5390.00000000000,6169.00000000000,7038.00000000000,7445.00000000000,8062.00000000000,8937.00000000000,9941.00000000000,10973.0000000000,11702.0000000000,12433.0000000000,13409.0000000000,13848.0000000000,14609.0000000000,15083.0000000000,15998.0000000000,16674.0000000000,17283.0000000000,18068.0000000000,9254.00000000000,-18037.4400000000,-14446.6700000000,-3590.76000000000,-33845.0603070000
152,'2/T0615/MULTICOM-REFINE_TS2',0,0.667300000000000,-312.268000000000,-280.118000000000,-9.30185000000000,-12.9880000000000,-9.86031000000000,-297.860700051966,-202.398408377111,223.835035155946,-72.8040000000000,-66.2900000000000,801.000000000000,1231.00000000000,1898.00000000000,3036.00000000000,3902.00000000000,4805.00000000000,5322.00000000000,6077.00000000000,6944.00000000000,7493.00000000000,8007.00000000000,8978.00000000000,9911.00000000000,10906.0000000000,11676.0000000000,12542.0000000000,13481.0000000000,13886.0000000000,14788.0000000000,15262.0000000000,16174.0000000000,17111.0000000000,17456.0000000000,18144.0000000000,9394.00000000000,-17992.4500000000,-14454.7600000000,-3537.70000000000,-33675.8252730000
153,'2/T0615/MULTICOM-REFINE_TS3',0,0.668800000000000,-309.375000000000,-277.701000000000,-9.41245000000000,-13.0690000000000,-9.19256000000000,-307.949714763883,-201.201387180091,241.732323211461,-71.4450000000000,-64.8246000000000,809.000000000000,1229.00000000000,1886.00000000000,3069.00000000000,3951.00000000000,4720.00000000000,5351.00000000000,6090.00000000000,6920.00000000000,7382.00000000000,7958.00000000000,8926.00000000000,9815.00000000000,10889.0000000000,11745.0000000000,12467.0000000000,13493.0000000000,13881.0000000000,14728.0000000000,15195.0000000000,16097.0000000000,16895.0000000000,17258.0000000000,18124.0000000000,9361.00000000000,-18112.4400000000,-14279.9800000000,-3832.47000000000,-33430.9970120000
154,'2/T0615/MULTICOM-REFINE_TS4',0,0.670900000000000,-312.890000000000,-280.362000000000,-9.56372000000000,-12.9107000000000,-10.0531000000000,-312.130064386222,-219.613196458183,182.663958376789,-73.9833000000000,-66.9228000000000,798.000000000000,1249.00000000000,1890.00000000000,3126.00000000000,3961.00000000000,4890.00000000000,5407.00000000000,6076.00000000000,6978.00000000000,7453.00000000000,8092.00000000000,8820.00000000000,9794.00000000000,10968.0000000000,11632.0000000000,12442.0000000000,13362.0000000000,13799.0000000000,14714.0000000000,15286.0000000000,16186.0000000000,16973.0000000000,17373.0000000000,18330.0000000000,9338.00000000000,-18220.1400000000,-14419.2800000000,-3800.86000000000,-33819.2759400000
155,'2/T0615/MULTICOM-REFINE_TS5',0,0.671600000000000,-313.948000000000,-282.869000000000,-9.55354000000000,-11.8111000000000,-9.71440000000000,-293.867872628549,-203.088366872417,156.637531249431,-73.3763000000000,-67.0801000000000,796.000000000000,1235.00000000000,1885.00000000000,3194.00000000000,3948.00000000000,4894.00000000000,5339.00000000000,6174.00000000000,7002.00000000000,7458.00000000000,8225.00000000000,9076.00000000000,9996.00000000000,11062.0000000000,11960.0000000000,12503.0000000000,13627.0000000000,13982.0000000000,14870.0000000000,15347.0000000000,16204.0000000000,16987.0000000000,17458.0000000000,18230.0000000000,9507.00000000000,-18651.2000000000,-14526.8600000000,-4124.34000000000,-34063.0163010000
156,'2/T0615/MUSICS-2S_TS1',0,0.179000000000000,-234.329000000000,-224.160000000000,-3.67603000000000,-3.49154000000000,-3.00111000000000,-26.4125180255409,26.7499235327408,571.481342200760,-42.6524000000000,-26.0339000000000,831.000000000000,1215.00000000000,2005.00000000000,3113.00000000000,3986.00000000000,4980.00000000000,5320.00000000000,5978.00000000000,6854.00000000000,7373.00000000000,7870.00000000000,8572.00000000000,9118.00000000000,10195.0000000000,10805.0000000000,11527.0000000000,12070.0000000000,12717.0000000000,13267.0000000000,13914.0000000000,14359.0000000000,14777.0000000000,15352.0000000000,15820.0000000000,8054.00000000000,-8177.02000000000,-11411.6300000000,3234.61000000000,-27352.5007410000
157,'2/T0615/MUSICS-2S_TS2',0,0.179000000000000,-234.514000000000,-224.218000000000,-3.67486000000000,-3.61467000000000,-3.00635000000000,-24.5799365617925,26.8404611889515,575.197574160456,-42.6253000000000,-25.9228000000000,832.000000000000,1212.00000000000,2008.00000000000,3095.00000000000,3988.00000000000,4978.00000000000,5327.00000000000,5976.00000000000,6883.00000000000,7386.00000000000,7895.00000000000,8554.00000000000,9118.00000000000,10186.0000000000,10825.0000000000,11552.0000000000,12089.0000000000,12758.0000000000,13257.0000000000,13909.0000000000,14330.0000000000,14769.0000000000,15334.0000000000,15767.0000000000,8044.00000000000,-8047.62000000000,-11414.8700000000,3367.25000000000,-27352.9862300000
158,'2/T0615/MUSICS-2S_TS3',0,0.179000000000000,-234.291000000000,-224.344000000000,-3.52292000000000,-3.47157000000000,-2.95264000000000,-24.4070477412698,28.3974969073674,556.079412238965,-42.8540000000000,-26.1604000000000,827.000000000000,1222.00000000000,1998.00000000000,3099.00000000000,3981.00000000000,4984.00000000000,5314.00000000000,5993.00000000000,6852.00000000000,7389.00000000000,7849.00000000000,8544.00000000000,9148.00000000000,10192.0000000000,10805.0000000000,11535.0000000000,12097.0000000000,12690.0000000000,13290.0000000000,13924.0000000000,14361.0000000000,14780.0000000000,15385.0000000000,15847.0000000000,8069.00000000000,-8164.22000000000,-11423.5900000000,3259.37000000000,-27367.6559990000
159,'2/T0615/MUSICS-2S_TS4',0,0.178400000000000,-235.266000000000,-226.527000000000,-3.09816000000000,-2.93554000000000,-2.70569000000000,-69.1424722221075,-32.9136638330971,537.864351283299,-43.2594000000000,-26.6600000000000,827.000000000000,1238.00000000000,1993.00000000000,3101.00000000000,3977.00000000000,4994.00000000000,5450.00000000000,6062.00000000000,6904.00000000000,7446.00000000000,8051.00000000000,8634.00000000000,9311.00000000000,10272.0000000000,10893.0000000000,11751.0000000000,12062.0000000000,12829.0000000000,13295.0000000000,13971.0000000000,14408.0000000000,14789.0000000000,15271.0000000000,15779.0000000000,7966.00000000000,-8940.53000000000,-11543.7100000000,2603.18000000000,-27641.1569940000
160,'2/T0615/MUSICS-2S_TS5',0,0.178300000000000,-235.778000000000,-226.749000000000,-3.19344000000000,-3.07206000000000,-2.76321000000000,-69.4010131596517,-32.4617510394687,553.973688429487,-43.5147000000000,-27.0216000000000,823.000000000000,1235.00000000000,1996.00000000000,3092.00000000000,3969.00000000000,4987.00000000000,5435.00000000000,6048.00000000000,6892.00000000000,7428.00000000000,8013.00000000000,8637.00000000000,9277.00000000000,10248.0000000000,10884.0000000000,11778.0000000000,12071.0000000000,12831.0000000000,13312.0000000000,13957.0000000000,14381.0000000000,14786.0000000000,15265.0000000000,15744.0000000000,7950.00000000000,-8972.32000000000,-11561.1700000000,2588.85000000000,-27651.9751740000
161,'2/T0615/MUSICS_server_TS1',0,0.618500000000000,-269.789000000000,-267.771000000000,-1.50291000000000,0.555191000000000,-1.06966000000000,-57.5983000195834,-29.2121742752204,135.844543682337,-40.4200000000000,-26.4442000000000,667.000000000000,1262.00000000000,2149.00000000000,3257.00000000000,4532.00000000000,5299.00000000000,6142.00000000000,6707.00000000000,7660.00000000000,8435.00000000000,9417.00000000000,10291.0000000000,11141.0000000000,12227.0000000000,12893.0000000000,13997.0000000000,14856.0000000000,15572.0000000000,16409.0000000000,17186.0000000000,17919.0000000000,18434.0000000000,19192.0000000000,19543.0000000000,10030.0000000000,-12998.3300000000,-13742.1400000000,743.820000000000,-31960.7536010000
162,'2/T0615/MUSICS_server_TS2',0,0.623300000000000,-269.250000000000,-263.221000000000,-1.98280000000000,-1.24056000000000,-2.80524000000000,-31.8686869853073,43.2476715826663,268.635790910696,-35.7069000000000,-21.7609000000000,633.000000000000,1333.00000000000,2205.00000000000,3271.00000000000,4589.00000000000,5106.00000000000,6232.00000000000,6789.00000000000,7935.00000000000,8320.00000000000,9358.00000000000,10146.0000000000,11128.0000000000,12171.0000000000,13169.0000000000,13768.0000000000,14933.0000000000,15655.0000000000,16552.0000000000,17029.0000000000,17859.0000000000,18146.0000000000,19058.0000000000,19299.0000000000,9814.00000000000,-11384.4300000000,-13562.2800000000,2177.85000000000,-31586.5500070000
163,'2/T0615/MUSICS_server_TS3',0,0.600700000000000,-260.964000000000,-263.446000000000,0.668706000000000,1.71277000000000,0.100097000000000,-70.4373081386396,38.5750692211796,220.751667179537,-33.3183000000000,-18.4468000000000,610.000000000000,1198.00000000000,2235.00000000000,3189.00000000000,4720.00000000000,5288.00000000000,6281.00000000000,6888.00000000000,7754.00000000000,8598.00000000000,9357.00000000000,10213.0000000000,11308.0000000000,12434.0000000000,13251.0000000000,14215.0000000000,14858.0000000000,15870.0000000000,16301.0000000000,17410.0000000000,17811.0000000000,18553.0000000000,19159.0000000000,19711.0000000000,10036.0000000000,-11411.7100000000,-13573.6700000000,2161.97000000000,-31600.7362880000
164,'2/T0615/MUSICS_server_TS4',0,0.622800000000000,-261.836000000000,-261.335000000000,-8.653520000000001E-002,0.299850000000000,-0.715147000000000,-12.5100482315563,13.2587344107270,179.047790868306,-33.1285000000000,-16.7575000000000,674.000000000000,1302.00000000000,2187.00000000000,3340.00000000000,4574.00000000000,5300.00000000000,6140.00000000000,6767.00000000000,7913.00000000000,8546.00000000000,9441.00000000000,10328.0000000000,11148.0000000000,12335.0000000000,13093.0000000000,14166.0000000000,14989.0000000000,15918.0000000000,16785.0000000000,17627.0000000000,18081.0000000000,19012.0000000000,19281.0000000000,20073.0000000000,10262.0000000000,-11050.7000000000,-13449.7700000000,2399.07000000000,-31307.8119720000
165,'2/T0615/MUSICS_server_TS5',0,0.605300000000000,-268.705000000000,-265.944000000000,-1.37786000000000,0.395932000000000,-1.77899000000000,-38.7279719654358,24.3081640518171,187.603297667648,-33.9674000000000,-20.6874000000000,631.000000000000,1331.00000000000,2213.00000000000,3439.00000000000,4725.00000000000,5222.00000000000,6157.00000000000,6878.00000000000,7933.00000000000,8526.00000000000,9501.00000000000,10414.0000000000,11536.0000000000,12220.0000000000,13213.0000000000,14076.0000000000,15248.0000000000,15935.0000000000,16734.0000000000,17390.0000000000,18160.0000000000,18516.0000000000,19044.0000000000,20000.0000000000,10130.0000000000,-12308.7100000000,-13740.6700000000,1431.96000000000,-31961.5011160000
166,'2/T0615/MUSTER_TS1',0,0.686000000000000,-299.670000000000,-274.503000000000,-7.12113000000000,-9.39214000000000,-8.65361000000000,-294.268181286964,-203.190295678167,197.886148275261,-63.3993000000000,-53.9071000000000,819.000000000000,1243.00000000000,2104.00000000000,3168.00000000000,4019.00000000000,5038.00000000000,5487.00000000000,6064.00000000000,7072.00000000000,7523.00000000000,8299.00000000000,9264.00000000000,10194.0000000000,11356.0000000000,12098.0000000000,13147.0000000000,14090.0000000000,14550.0000000000,15410.0000000000,15915.0000000000,16853.0000000000,17294.0000000000,17932.0000000000,18634.0000000000,9696.00000000000,-16297.6700000000,-13982.9800000000,-2314.69000000000,-32895.1573210000
167,'2/T0615/MUSTER_TS2',0,0.462200000000000,-186.686000000000,-171.245000000000,-4.26893000000000,-6.08852000000000,-5.08383000000000,-130.414433362466,-73.0885016378582,1192.72931231004,-55.1850000000000,-54.5098000000000,543.000000000000,991.000000000000,1589.00000000000,2232.00000000000,2916.00000000000,3143.00000000000,3762.00000000000,3972.00000000000,4513.00000000000,4526.00000000000,4907.00000000000,5358.00000000000,5587.00000000000,6174.00000000000,6371.00000000000,6777.00000000000,7157.00000000000,7346.00000000000,7564.00000000000,7495.00000000000,7866.00000000000,8189.00000000000,8256.00000000000,8359.00000000000,4281.00000000000,-10991.7800000000,-8870.83000000000,-2120.94000000000,-21394.5000370000
168,'2/T0615/MUSTER_TS3',0,0.245600000000000,-145.388000000000,-133.565000000000,-3.79275000000000,-4.34127000000000,-3.68848000000000,-38.1775336409425,27.6150949994559,1574.51918199949,-46.6080000000000,-39.3695000000000,557.000000000000,986.000000000000,1532.00000000000,2025.00000000000,2795.00000000000,2813.00000000000,3389.00000000000,3505.00000000000,4071.00000000000,4103.00000000000,4247.00000000000,4511.00000000000,4549.00000000000,4920.00000000000,5038.00000000000,5459.00000000000,5524.00000000000,5795.00000000000,5948.00000000000,6028.00000000000,6192.00000000000,6095.00000000000,6192.00000000000,6177.00000000000,3076.00000000000,-9101.11000000000,-6973.99000000000,-2127.12000000000,-17130.9554270000
169,'2/T0615/MUSTER_TS4',0,0.207300000000000,-288.935000000000,-260.382000000000,-7.82280000000000,-8.78497000000000,-11.9450000000000,-284.348510690330,-179.412165661853,394.448278891317,-54.5463000000000,-36.1628000000000,885.000000000000,1312.00000000000,2035.00000000000,3212.00000000000,4011.00000000000,5022.00000000000,5521.00000000000,6178.00000000000,7170.00000000000,7773.00000000000,8560.00000000000,9335.00000000000,10306.0000000000,11445.0000000000,12292.0000000000,13248.0000000000,14299.0000000000,15169.0000000000,15944.0000000000,16397.0000000000,17353.0000000000,17854.0000000000,18232.0000000000,18671.0000000000,9428.00000000000,-12885.7900000000,-13272.7800000000,386.990000000000,-31303.2432970000
170,'2/T0615/MUSTER_TS5',0,0.239100000000000,-215.451000000000,-207.195000000000,-3.18800000000000,-2.21250000000000,-2.85538000000000,-194.946169943506,-160.414328359408,476.924843114101,-43.0275000000000,-27.4264000000000,858.000000000000,1177.00000000000,1936.00000000000,2897.00000000000,3632.00000000000,4523.00000000000,4833.00000000000,5503.00000000000,6323.00000000000,6820.00000000000,7204.00000000000,7838.00000000000,8419.00000000000,9254.00000000000,9940.00000000000,10587.0000000000,11262.0000000000,11655.0000000000,12302.0000000000,12667.0000000000,13253.0000000000,13731.0000000000,13975.0000000000,14587.0000000000,7364.00000000000,-8048.83000000000,-10649.6000000000,2600.77000000000,-25486.9449250000
171,'2/T0615/panther_TS1',0,0.689500000000000,-275.999000000000,-254.180000000000,-6.13912000000000,-8.90025000000000,-6.77961000000000,-83.0062796019655,13.2412481292891,206.609342439847,-57.4963000000000,-47.8791000000000,818.000000000000,1256.00000000000,1997.00000000000,2909.00000000000,3979.00000000000,4711.00000000000,5284.00000000000,5988.00000000000,6515.00000000000,7148.00000000000,7913.00000000000,8881.00000000000,9540.00000000000,10601.0000000000,11230.0000000000,12175.0000000000,12970.0000000000,13642.0000000000,14275.0000000000,14873.0000000000,15410.0000000000,16361.0000000000,16862.0000000000,17775.0000000000,9056.00000000000,-13708.9200000000,-12979.5900000000,-729.340000000000,-30479.2532650000
172,'2/T0615/Pcomb_TS1',0,0.703700000000000,-302.241000000000,-274.627000000000,-8.21267000000000,-11.4282000000000,-7.97353000000000,-226.319595325631,-210.171433671987,189.239871540548,-65.0890000000000,-59.9365000000000,666.000000000000,1151.00000000000,1957.00000000000,2942.00000000000,3955.00000000000,4833.00000000000,5411.00000000000,6034.00000000000,6929.00000000000,7407.00000000000,7932.00000000000,8968.00000000000,9798.00000000000,10815.0000000000,11783.0000000000,12343.0000000000,13382.0000000000,13999.0000000000,14616.0000000000,15183.0000000000,16089.0000000000,16734.0000000000,17264.0000000000,18024.0000000000,9386.00000000000,-17851.6500000000,-14380.6200000000,-3471.03000000000,-33064.8499930000
173,'2/T0615/Pcomb_TS2',0,0.665800000000000,-294.462000000000,-266.661000000000,-8.13739000000000,-10.3793000000000,-9.28465000000000,-267.930059282312,-174.451407524152,330.386340216529,-63.4353000000000,-53.7583000000000,806.000000000000,1284.00000000000,1999.00000000000,3122.00000000000,4032.00000000000,4827.00000000000,5366.00000000000,6092.00000000000,6997.00000000000,7532.00000000000,8046.00000000000,9021.00000000000,9802.00000000000,10950.0000000000,11713.0000000000,12472.0000000000,13180.0000000000,13789.0000000000,14532.0000000000,15154.0000000000,15987.0000000000,16614.0000000000,17329.0000000000,17896.0000000000,9334.00000000000,-15205.5500000000,-13710.7300000000,-1494.82000000000,-32363.6334980000
174,'2/T0615/Pcomb_TS3',0,0.701300000000000,-291.818000000000,-265.403000000000,-7.85188000000000,-10.7633000000000,-7.79981000000000,-240.124998619492,-160.096166312143,213.933877322604,-59.8973000000000,-49.8913000000000,790.000000000000,1308.00000000000,1953.00000000000,3118.00000000000,3994.00000000000,4817.00000000000,5406.00000000000,6003.00000000000,7127.00000000000,7457.00000000000,8103.00000000000,8962.00000000000,9846.00000000000,10907.0000000000,11649.0000000000,12615.0000000000,13390.0000000000,14106.0000000000,14816.0000000000,15640.0000000000,16555.0000000000,17186.0000000000,18005.0000000000,18544.0000000000,9746.00000000000,-14769.1200000000,-13815.2000000000,-953.920000000000,-32036.8200110000
175,'2/T0615/Pcomb_TS4',0,0.626300000000000,-293.581000000000,-266.820000000000,-7.58404000000000,-11.0091000000000,-8.16782000000000,-259.895634008162,-189.118453307100,188.510344397987,-64.8777000000000,-59.1823000000000,799.000000000000,1242.00000000000,1884.00000000000,3108.00000000000,3966.00000000000,4742.00000000000,5119.00000000000,5819.00000000000,6823.00000000000,7137.00000000000,7852.00000000000,8648.00000000000,9595.00000000000,10728.0000000000,11395.0000000000,12374.0000000000,12993.0000000000,13617.0000000000,14291.0000000000,14905.0000000000,15662.0000000000,16344.0000000000,16902.0000000000,17655.0000000000,8954.00000000000,-17642.1400000000,-13801.0900000000,-3841.05000000000,-32134.8829200000
176,'2/T0615/Pcomb_TS5',0,0.612600000000000,-283.962000000000,-261.674000000000,-6.71173000000000,-9.18988000000000,-6.38674000000000,-251.683925860311,-144.062691661922,234.711162083960,-63.7488000000000,-60.8067000000000,719.000000000000,1151.00000000000,1859.00000000000,2870.00000000000,3666.00000000000,4398.00000000000,4943.00000000000,5667.00000000000,6432.00000000000,6960.00000000000,7693.00000000000,8218.00000000000,9366.00000000000,10261.0000000000,10960.0000000000,11924.0000000000,12736.0000000000,13245.0000000000,13994.0000000000,14551.0000000000,15391.0000000000,16198.0000000000,16783.0000000000,17212.0000000000,9055.00000000000,-16062.6400000000,-13440.3100000000,-2622.33000000000,-31366.9609290000
177,'2/T0615/PconsD_TS1',0,0.710200000000000,-300.809000000000,-271.973000000000,-8.45386000000000,-11.9670000000000,-8.41461000000000,-134.792975146564,-133.380571229221,319.049284670411,-70.7903000000000,-66.7756000000000,727.000000000000,1191.00000000000,1760.00000000000,2765.00000000000,3732.00000000000,4606.00000000000,5135.00000000000,5821.00000000000,6584.00000000000,7144.00000000000,7872.00000000000,8570.00000000000,9271.00000000000,10400.0000000000,11138.0000000000,12033.0000000000,12950.0000000000,13394.0000000000,14470.0000000000,14816.0000000000,15630.0000000000,16409.0000000000,16813.0000000000,17539.0000000000,8994.00000000000,-17290.9000000000,-13981.4700000000,-3309.44000000000,-32482.0429440000
178,'2/T0615/PconsD_TS2',0,0.673600000000000,-295.055000000000,-266.661000000000,-8.04600000000000,-11.9071000000000,-8.44041000000000,-130.580267697317,-150.306049202155,351.066789390886,-72.3145000000000,-66.8093000000000,748.000000000000,1178.00000000000,1839.00000000000,2932.00000000000,3708.00000000000,4624.00000000000,5150.00000000000,5696.00000000000,6561.00000000000,6916.00000000000,7735.00000000000,8373.00000000000,9065.00000000000,10269.0000000000,10977.0000000000,11724.0000000000,12442.0000000000,13020.0000000000,13831.0000000000,14144.0000000000,15159.0000000000,15827.0000000000,16341.0000000000,17118.0000000000,8865.00000000000,-16089.8200000000,-13779.9700000000,-2309.84000000000,-31987.4965940000
179,'2/T0615/PconsD_TS3',0,0.690700000000000,-299.524000000000,-272.840000000000,-7.91532000000000,-11.2942000000000,-7.47369000000000,-116.940272284084,-149.703439435595,222.897204212150,-68.3649000000000,-62.1396000000000,747.000000000000,1221.00000000000,1853.00000000000,2904.00000000000,3795.00000000000,4668.00000000000,5244.00000000000,5918.00000000000,6783.00000000000,7169.00000000000,7944.00000000000,8795.00000000000,9670.00000000000,10777.0000000000,11441.0000000000,12286.0000000000,13235.0000000000,13702.0000000000,14717.0000000000,15293.0000000000,16304.0000000000,17068.0000000000,17617.0000000000,18289.0000000000,9435.00000000000,-16624.7400000000,-14053.2100000000,-2571.53000000000,-32488.1952840000
180,'2/T0615/PconsD_TS4',0,0.705800000000000,-296.748000000000,-270.224000000000,-7.53916000000000,-10.7400000000000,-8.24441000000000,-124.216921135355,-160.381007704054,248.080325534067,-65.0711000000000,-58.7701000000000,716.000000000000,1181.00000000000,1896.00000000000,2921.00000000000,3835.00000000000,4723.00000000000,5367.00000000000,5954.00000000000,6881.00000000000,7252.00000000000,8006.00000000000,8841.00000000000,9534.00000000000,10764.0000000000,11513.0000000000,12361.0000000000,13206.0000000000,13948.0000000000,14654.0000000000,14984.0000000000,15951.0000000000,16673.0000000000,17503.0000000000,17733.0000000000,9357.00000000000,-15943.5400000000,-13881.8600000000,-2061.69000000000,-32352.2765610000
181,'2/T0615/PconsD_TS5',0,0.708900000000000,-297.966000000000,-272.536000000000,-7.87922000000000,-10.7973000000000,-6.75407000000000,-99.5644171825744,-151.904202948598,261.545937010585,-66.6333000000000,-59.7613000000000,720.000000000000,1184.00000000000,1866.00000000000,2948.00000000000,3800.00000000000,4772.00000000000,5364.00000000000,5985.00000000000,6771.00000000000,7389.00000000000,7929.00000000000,8782.00000000000,9681.00000000000,10812.0000000000,11599.0000000000,12327.0000000000,13381.0000000000,14085.0000000000,14791.0000000000,15354.0000000000,16184.0000000000,17051.0000000000,17610.0000000000,18586.0000000000,9459.00000000000,-15994.0500000000,-13990.0900000000,-2003.96000000000,-32506.7325850000
182,'2/T0615/PconsM_TS1',0,0.654700000000000,-294.101000000000,-268.141000000000,-7.04274000000000,-9.88080000000000,-9.03605000000000,-254.766334587121,-176.321304924381,279.806265269729,-62.7142000000000,-53.5335000000000,802.000000000000,1248.00000000000,2010.00000000000,3072.00000000000,4004.00000000000,4903.00000000000,5190.00000000000,6103.00000000000,6932.00000000000,7532.00000000000,8029.00000000000,9055.00000000000,9810.00000000000,11023.0000000000,11827.0000000000,12553.0000000000,13568.0000000000,13895.0000000000,14645.0000000000,15513.0000000000,16342.0000000000,16568.0000000000,17635.0000000000,18126.0000000000,9231.00000000000,-15820.1300000000,-13866.1600000000,-1953.98000000000,-32436.2403040000
183,'2/T0615/PconsM_TS2',0,0.654700000000000,-294.101000000000,-268.141000000000,-7.04274000000000,-9.88080000000000,-9.03605000000000,-254.766334587121,-176.321304924381,279.806265269729,-62.7142000000000,-53.5335000000000,802.000000000000,1248.00000000000,2010.00000000000,3072.00000000000,4004.00000000000,4903.00000000000,5190.00000000000,6103.00000000000,6932.00000000000,7532.00000000000,8029.00000000000,9055.00000000000,9810.00000000000,11023.0000000000,11827.0000000000,12553.0000000000,13568.0000000000,13895.0000000000,14645.0000000000,15513.0000000000,16342.0000000000,16568.0000000000,17635.0000000000,18126.0000000000,9231.00000000000,-15820.1300000000,-13866.1600000000,-1953.98000000000,-32436.2403040000
184,'2/T0615/PconsM_TS3',0,0.654700000000000,-294.101000000000,-268.141000000000,-7.04274000000000,-9.88080000000000,-9.03605000000000,-254.766334587121,-176.321304924381,279.806265269729,-62.7142000000000,-53.5335000000000,802.000000000000,1248.00000000000,2010.00000000000,3072.00000000000,4004.00000000000,4903.00000000000,5190.00000000000,6103.00000000000,6932.00000000000,7532.00000000000,8029.00000000000,9055.00000000000,9810.00000000000,11023.0000000000,11827.0000000000,12553.0000000000,13568.0000000000,13895.0000000000,14645.0000000000,15513.0000000000,16342.0000000000,16568.0000000000,17635.0000000000,18126.0000000000,9231.00000000000,-15820.1300000000,-13866.1600000000,-1953.98000000000,-32436.2403040000
185,'2/T0615/PconsM_TS4',0,0.654700000000000,-294.101000000000,-268.141000000000,-7.04274000000000,-9.88080000000000,-9.03605000000000,-254.766334587121,-176.321304924381,279.806265269729,-62.7142000000000,-53.5335000000000,802.000000000000,1248.00000000000,2010.00000000000,3072.00000000000,4004.00000000000,4903.00000000000,5190.00000000000,6103.00000000000,6932.00000000000,7532.00000000000,8029.00000000000,9055.00000000000,9810.00000000000,11023.0000000000,11827.0000000000,12553.0000000000,13568.0000000000,13895.0000000000,14645.0000000000,15513.0000000000,16342.0000000000,16568.0000000000,17635.0000000000,18126.0000000000,9231.00000000000,-15820.1300000000,-13866.1600000000,-1953.98000000000,-32436.2403040000
186,'2/T0615/PconsM_TS5',0,0.665800000000000,-294.462000000000,-266.661000000000,-8.13739000000000,-10.3793000000000,-9.28465000000000,-267.930059282312,-174.451407524152,330.386340216529,-63.4353000000000,-53.7583000000000,806.000000000000,1284.00000000000,1999.00000000000,3122.00000000000,4032.00000000000,4827.00000000000,5366.00000000000,6092.00000000000,6997.00000000000,7532.00000000000,8046.00000000000,9021.00000000000,9802.00000000000,10950.0000000000,11713.0000000000,12472.0000000000,13180.0000000000,13789.0000000000,14532.0000000000,15154.0000000000,15987.0000000000,16614.0000000000,17329.0000000000,17896.0000000000,9334.00000000000,-15205.5500000000,-13710.7300000000,-1494.82000000000,-32363.6334980000
187,'2/T0615/PconsR_TS1',0,0.692600000000000,-319.415000000000,-292.582000000000,-8.46336000000000,-11.6823000000000,-6.68743000000000,-268.087084645423,-191.430207071573,114.566678085220,-78.9064000000000,-73.1515000000000,583.000000000000,1149.00000000000,2086.00000000000,3175.00000000000,4339.00000000000,4855.00000000000,5441.00000000000,6073.00000000000,6958.00000000000,7454.00000000000,7903.00000000000,9111.00000000000,9929.00000000000,11006.0000000000,11957.0000000000,12516.0000000000,13449.0000000000,14212.0000000000,14945.0000000000,15551.0000000000,16247.0000000000,17006.0000000000,17613.0000000000,18390.0000000000,9403.00000000000,-19599.4900000000,-15111.6000000000,-4487.89000000000,-35060.0914280000
188,'2/T0615/PconsR_TS2',0,0.665800000000000,-294.462000000000,-266.661000000000,-8.13739000000000,-10.3793000000000,-9.28465000000000,-267.930059282312,-174.451407524152,330.386340216529,-63.4353000000000,-53.7583000000000,806.000000000000,1284.00000000000,1999.00000000000,3122.00000000000,4032.00000000000,4827.00000000000,5366.00000000000,6092.00000000000,6997.00000000000,7532.00000000000,8046.00000000000,9021.00000000000,9802.00000000000,10950.0000000000,11713.0000000000,12472.0000000000,13180.0000000000,13789.0000000000,14532.0000000000,15154.0000000000,15987.0000000000,16614.0000000000,17329.0000000000,17896.0000000000,9334.00000000000,-15205.5500000000,-13710.7300000000,-1494.82000000000,-32363.6334980000
189,'2/T0615/PconsR_TS3',0,0.681800000000000,-314.953000000000,-281.524000000000,-10.1226000000000,-14.8073000000000,-8.49886000000000,-251.847803240438,-183.742116391960,185.503452333581,-81.6440000000000,-73.6878000000000,480.000000000000,1070.00000000000,1973.00000000000,2468.00000000000,3961.00000000000,4472.00000000000,5144.00000000000,5629.00000000000,6538.00000000000,6995.00000000000,7456.00000000000,8396.00000000000,9049.00000000000,10290.0000000000,11059.0000000000,11851.0000000000,13073.0000000000,13805.0000000000,14478.0000000000,15027.0000000000,15589.0000000000,16417.0000000000,17344.0000000000,18132.0000000000,9253.00000000000,-18499.6700000000,-14497.1200000000,-4002.55000000000,-33380.3574260000
190,'2/T0615/PconsR_TS4',0,0.694200000000000,-298.834000000000,-273.759000000000,-7.30250000000000,-11.4145000000000,-6.35807000000000,-159.127953292321,-105.204944090506,147.530193600575,-74.3764000000000,-64.4323000000000,479.000000000000,1107.00000000000,1865.00000000000,2752.00000000000,3940.00000000000,4416.00000000000,4981.00000000000,5684.00000000000,6552.00000000000,7049.00000000000,7473.00000000000,8565.00000000000,9321.00000000000,10260.0000000000,11253.0000000000,12220.0000000000,13099.0000000000,13996.0000000000,14192.0000000000,15249.0000000000,15774.0000000000,16546.0000000000,17328.0000000000,18070.0000000000,9281.00000000000,-17305.5800000000,-14129.6200000000,-3175.96000000000,-32395.2267240000
191,'2/T0615/PconsR_TS5',0,0.629100000000000,-277.780000000000,-251.149000000000,-7.96428000000000,-12.2480000000000,-6.41851000000000,-230.472516310780,-166.333682853785,277.516431740317,-78.2180000000000,-73.3156000000000,491.000000000000,1017.00000000000,1586.00000000000,2455.00000000000,3401.00000000000,3891.00000000000,4472.00000000000,4946.00000000000,5635.00000000000,6084.00000000000,6469.00000000000,7239.00000000000,7927.00000000000,8771.00000000000,9598.00000000000,10240.0000000000,10914.0000000000,11804.0000000000,12432.0000000000,13145.0000000000,13531.0000000000,14396.0000000000,15013.0000000000,15562.0000000000,7989.00000000000,-17611.4300000000,-13058.0800000000,-4553.35000000000,-29764.0993540000
192,'2/T0615/Pcons_TS1',0,0.665800000000000,-294.462000000000,-266.661000000000,-8.13739000000000,-10.3793000000000,-9.28465000000000,-267.930059282312,-174.451407524152,330.386340216529,-63.4353000000000,-53.7583000000000,806.000000000000,1284.00000000000,1999.00000000000,3122.00000000000,4032.00000000000,4827.00000000000,5366.00000000000,6092.00000000000,6997.00000000000,7532.00000000000,8046.00000000000,9021.00000000000,9802.00000000000,10950.0000000000,11713.0000000000,12472.0000000000,13180.0000000000,13789.0000000000,14532.0000000000,15154.0000000000,15987.0000000000,16614.0000000000,17329.0000000000,17896.0000000000,9334.00000000000,-15205.5500000000,-13710.7300000000,-1494.82000000000,-32363.6334980000
193,'2/T0615/Pcons_TS2',0,0.701300000000000,-291.818000000000,-265.403000000000,-7.85188000000000,-10.7633000000000,-7.79981000000000,-240.124998619492,-160.096166312143,213.933877322604,-59.8973000000000,-49.8913000000000,790.000000000000,1308.00000000000,1953.00000000000,3118.00000000000,3994.00000000000,4817.00000000000,5406.00000000000,6003.00000000000,7127.00000000000,7457.00000000000,8103.00000000000,8962.00000000000,9846.00000000000,10907.0000000000,11649.0000000000,12615.0000000000,13390.0000000000,14106.0000000000,14816.0000000000,15640.0000000000,16555.0000000000,17186.0000000000,18005.0000000000,18544.0000000000,9746.00000000000,-14769.1200000000,-13815.2000000000,-953.920000000000,-32036.8200110000
194,'2/T0615/Pcons_TS3',0,0.626300000000000,-293.581000000000,-266.820000000000,-7.58404000000000,-11.0091000000000,-8.16782000000000,-259.895634008162,-189.118453307100,188.510344397987,-64.8777000000000,-59.1823000000000,799.000000000000,1242.00000000000,1884.00000000000,3108.00000000000,3966.00000000000,4742.00000000000,5119.00000000000,5819.00000000000,6823.00000000000,7137.00000000000,7852.00000000000,8648.00000000000,9595.00000000000,10728.0000000000,11395.0000000000,12374.0000000000,12993.0000000000,13617.0000000000,14291.0000000000,14905.0000000000,15662.0000000000,16344.0000000000,16902.0000000000,17655.0000000000,8954.00000000000,-17642.1400000000,-13801.0900000000,-3841.05000000000,-32134.8829200000
195,'2/T0615/Pcons_TS4',0,0.644300000000000,-286.274000000000,-258.836000000000,-7.68751000000000,-11.3092000000000,-8.44167000000000,-288.045661871593,-230.849864935531,272.832317492829,-69.2162000000000,-63.9543000000000,740.000000000000,1111.00000000000,1828.00000000000,2928.00000000000,3709.00000000000,4386.00000000000,4800.00000000000,5497.00000000000,6377.00000000000,6660.00000000000,7310.00000000000,8194.00000000000,9045.00000000000,10097.0000000000,10610.0000000000,11457.0000000000,12212.0000000000,12648.0000000000,13290.0000000000,14162.0000000000,14638.0000000000,15508.0000000000,15948.0000000000,16691.0000000000,8660.00000000000,-16278.9000000000,-13388.1200000000,-2890.78000000000,-31238.8688300000
196,'2/T0615/Pcons_TS5',0,0.612600000000000,-283.962000000000,-261.674000000000,-6.71173000000000,-9.18988000000000,-6.38674000000000,-251.683925860311,-144.062691661922,234.711162083960,-63.7488000000000,-60.8067000000000,719.000000000000,1151.00000000000,1859.00000000000,2870.00000000000,3666.00000000000,4398.00000000000,4943.00000000000,5667.00000000000,6432.00000000000,6960.00000000000,7693.00000000000,8218.00000000000,9366.00000000000,10261.0000000000,10960.0000000000,11924.0000000000,12736.0000000000,13245.0000000000,13994.0000000000,14551.0000000000,15391.0000000000,16198.0000000000,16783.0000000000,17212.0000000000,9055.00000000000,-16062.6400000000,-13440.3100000000,-2622.33000000000,-31366.9609290000
197,'2/T0615/Phyre2_TS1',0,0.693500000000000,-272.670000000000,-251.811000000000,-6.20446000000000,-6.86139000000000,-7.79349000000000,100.863779754475,-61.2160127558340,116.483318811715,-39.2722000000000,-32.0592000000000,766.000000000000,1338.00000000000,2138.00000000000,2944.00000000000,4359.00000000000,4933.00000000000,5738.00000000000,6343.00000000000,7298.00000000000,7583.00000000000,8358.00000000000,9273.00000000000,10122.0000000000,11307.0000000000,11894.0000000000,12820.0000000000,13642.0000000000,14234.0000000000,14935.0000000000,15470.0000000000,16382.0000000000,16973.0000000000,17766.0000000000,18396.0000000000,9417.00000000000,-15463.5000000000,-13467.1500000000,-1996.34000000000,-30801.4376800000
198,'2/T0615/PLATO_TS1',0,0.175700000000000,-152.129000000000,-139.484000000000,-4.39243000000000,-5.97355000000000,-2.27890000000000,-33.5024268609417,19.9996479423610,1593.49001354122,-54.3218000000000,-50.7852000000000,466.000000000000,905.000000000000,1476.00000000000,1899.00000000000,2762.00000000000,2686.00000000000,3385.00000000000,3331.00000000000,3791.00000000000,3652.00000000000,4026.00000000000,4198.00000000000,4386.00000000000,4641.00000000000,4777.00000000000,5028.00000000000,5082.00000000000,5473.00000000000,5259.00000000000,5639.00000000000,5549.00000000000,5791.00000000000,5614.00000000000,5671.00000000000,2797.00000000000,-7634.82000000000,-7276.63000000000,-358.190000000000,-17794.2947400000
199,'2/T0615/PLATO_TS2',0,0.193300000000000,-150.375000000000,-135.306000000000,-4.65241000000000,-6.79550000000000,-3.62060000000000,-74.2196718990280,21.7025939249164,1681.53693077462,-53.2115000000000,-49.7389000000000,483.000000000000,926.000000000000,1448.00000000000,1846.00000000000,2680.00000000000,2634.00000000000,3185.00000000000,3280.00000000000,3674.00000000000,3639.00000000000,3796.00000000000,4093.00000000000,4236.00000000000,4538.00000000000,4583.00000000000,4918.00000000000,5073.00000000000,5096.00000000000,5259.00000000000,5364.00000000000,5626.00000000000,5623.00000000000,5742.00000000000,5653.00000000000,2854.00000000000,-8475.35000000000,-7052.38000000000,-1422.97000000000,-17356.3585220000
200,'2/T0615/PLATO_TS3',0,0.154700000000000,-150.590000000000,-137.483000000000,-3.85222000000000,-5.24402000000000,-4.01072000000000,-17.0521810622670,32.3408934886301,1630.66072363543,-53.5341000000000,-50.5619000000000,482.000000000000,875.000000000000,1485.00000000000,1883.00000000000,2669.00000000000,2720.00000000000,3126.00000000000,3288.00000000000,3684.00000000000,3736.00000000000,3976.00000000000,4146.00000000000,4208.00000000000,4616.00000000000,4715.00000000000,4896.00000000000,5089.00000000000,5286.00000000000,5337.00000000000,5531.00000000000,5508.00000000000,5656.00000000000,5659.00000000000,5690.00000000000,2740.00000000000,-8955.57000000000,-7217.94000000000,-1737.63000000000,-17541.8992230000
201,'2/T0615/PLATO_TS4',0,0.153900000000000,-151.004000000000,-137.357000000000,-3.86748000000000,-5.50490000000000,-4.27469000000000,-57.6152179198908,20.8430579637715,1759.01526279260,-51.4877000000000,-48.2411000000000,443.000000000000,914.000000000000,1385.00000000000,1830.00000000000,2615.00000000000,2669.00000000000,3223.00000000000,3306.00000000000,3770.00000000000,3716.00000000000,3957.00000000000,4206.00000000000,4399.00000000000,4713.00000000000,4731.00000000000,5128.00000000000,5267.00000000000,5369.00000000000,5525.00000000000,5826.00000000000,5692.00000000000,5932.00000000000,5799.00000000000,5918.00000000000,2911.00000000000,-8252.51000000000,-7128.12000000000,-1124.39000000000,-17517.0436460000
202,'2/T0615/PLATO_TS5',0,0.143400000000000,-149.937000000000,-135.514000000000,-4.51053000000000,-6.41971000000000,-3.49288000000000,-82.8545540685078,16.8440392760397,1660.51324942995,-54.4061000000000,-51.0526000000000,469.000000000000,930.000000000000,1419.00000000000,1924.00000000000,2570.00000000000,2802.00000000000,3100.00000000000,3286.00000000000,3575.00000000000,3551.00000000000,3828.00000000000,3957.00000000000,4190.00000000000,4457.00000000000,4664.00000000000,4786.00000000000,4964.00000000000,5023.00000000000,5295.00000000000,5308.00000000000,5346.00000000000,5424.00000000000,5589.00000000000,5713.00000000000,2843.00000000000,-8961.09000000000,-7066.40000000000,-1894.69000000000,-17294.0118220000
203,'2/T0615/prdos2_TS1',0,0.682500000000000,-287.482000000000,-261.658000000000,-7.26675000000000,-10.3281000000000,-8.22900000000000,-246.472146535992,-165.949892415055,305.992838471722,-61.6541000000000,-53.2046000000000,861.000000000000,1222.00000000000,2048.00000000000,3150.00000000000,3916.00000000000,4918.00000000000,5329.00000000000,5847.00000000000,6710.00000000000,7409.00000000000,8050.00000000000,8764.00000000000,9734.00000000000,10877.0000000000,11515.0000000000,12481.0000000000,13086.0000000000,13894.0000000000,14278.0000000000,15043.0000000000,15731.0000000000,16156.0000000000,16741.0000000000,17374.0000000000,9114.00000000000,-13955.6500000000,-13382.2700000000,-573.380000000000,-31489.1397980000
204,'2/T0615/prdos2_TS2',0,0.687100000000000,-286.465000000000,-259.657000000000,-7.36190000000000,-10.1627000000000,-9.28389000000000,-283.756897378309,-174.096224291075,345.202002018352,-61.3629000000000,-54.7499000000000,810.000000000000,1255.00000000000,1959.00000000000,3131.00000000000,3917.00000000000,4672.00000000000,5184.00000000000,5746.00000000000,6764.00000000000,7169.00000000000,7749.00000000000,8732.00000000000,9631.00000000000,10504.0000000000,11179.0000000000,12117.0000000000,12761.0000000000,13346.0000000000,13981.0000000000,14506.0000000000,15454.0000000000,16084.0000000000,16487.0000000000,17264.0000000000,8916.00000000000,-15490.2600000000,-13393.5800000000,-2096.68000000000,-31587.5766290000
205,'2/T0615/prdos2_TS3',0,0.687100000000000,-286.465000000000,-259.657000000000,-7.36190000000000,-10.1627000000000,-9.28389000000000,-283.756897378309,-174.096224291075,345.202002018352,-61.3629000000000,-54.7499000000000,810.000000000000,1255.00000000000,1959.00000000000,3131.00000000000,3917.00000000000,4672.00000000000,5184.00000000000,5746.00000000000,6764.00000000000,7169.00000000000,7749.00000000000,8732.00000000000,9631.00000000000,10504.0000000000,11179.0000000000,12117.0000000000,12761.0000000000,13346.0000000000,13981.0000000000,14506.0000000000,15454.0000000000,16084.0000000000,16487.0000000000,17264.0000000000,8916.00000000000,-15490.2600000000,-13393.5800000000,-2096.68000000000,-31587.5766290000
206,'2/T0615/prdos2_TS4',0,0.434900000000000,-200.301000000000,-189.821000000000,-3.67661000000000,-3.37330000000000,-3.43020000000000,-101.774601198208,-37.8974497823379,875.304238091979,-46.4293000000000,-37.6848000000000,704.000000000000,1033.00000000000,1663.00000000000,2477.00000000000,3183.00000000000,3702.00000000000,4216.00000000000,4764.00000000000,5224.00000000000,5622.00000000000,6106.00000000000,6696.00000000000,7295.00000000000,7870.00000000000,8374.00000000000,9084.00000000000,9524.00000000000,10004.0000000000,10503.0000000000,10909.0000000000,11232.0000000000,11706.0000000000,11918.0000000000,12325.0000000000,6407.00000000000,-9299.25000000000,-9770.63000000000,471.380000000000,-23303.4868430000
207,'2/T0615/prdos2_TS5',0,0.434500000000000,-200.916000000000,-194.835000000000,-1.70517000000000,-1.75965000000000,-2.61600000000000,-103.654072433855,-20.2355460352632,777.230915894990,-45.0710000000000,-35.6697000000000,703.000000000000,1076.00000000000,1647.00000000000,2462.00000000000,3215.00000000000,3889.00000000000,4425.00000000000,4882.00000000000,5533.00000000000,5906.00000000000,6401.00000000000,6986.00000000000,7424.00000000000,8195.00000000000,8663.00000000000,9399.00000000000,9893.00000000000,10444.0000000000,10979.0000000000,11329.0000000000,11672.0000000000,12110.0000000000,12499.0000000000,12950.0000000000,6549.00000000000,-9081.14000000000,-10015.3200000000,934.180000000000,-23821.5561220000
208,'2/T0615/PRECORS_TS1',0,0.713600000000000,-304.648000000000,-278.824000000000,-7.66111000000000,-10.0111000000000,-8.15205000000000,-293.830295702553,-180.290649007873,159.236076161011,-62.7618000000000,-49.9850000000000,878.000000000000,1295.00000000000,2137.00000000000,3351.00000000000,4181.00000000000,5159.00000000000,5727.00000000000,6275.00000000000,7103.00000000000,7981.00000000000,8599.00000000000,9638.00000000000,10609.0000000000,11680.0000000000,12599.0000000000,13413.0000000000,14434.0000000000,15217.0000000000,15963.0000000000,16644.0000000000,17600.0000000000,18166.0000000000,18969.0000000000,19768.0000000000,10130.0000000000,-14239.3900000000,-14249.1900000000,9.79000000000000,-33342.5486030000
209,'2/T0615/PRECORS_TS2',0,0.701600000000000,-304.254000000000,-273.995000000000,-8.64302000000000,-12.2008000000000,-9.41563000000000,-281.643525543210,-216.927976365322,173.272717670515,-67.0076000000000,-59.5926000000000,906.000000000000,1262.00000000000,2063.00000000000,3226.00000000000,4073.00000000000,5042.00000000000,5449.00000000000,6025.00000000000,7006.00000000000,7497.00000000000,8220.00000000000,8910.00000000000,10017.0000000000,11071.0000000000,11894.0000000000,12612.0000000000,13543.0000000000,14173.0000000000,14955.0000000000,15397.0000000000,16290.0000000000,16766.0000000000,17552.0000000000,18066.0000000000,9416.00000000000,-16053.8100000000,-14046.8900000000,-2006.92000000000,-33042.7136550000
210,'2/T0615/PRECORS_TS3',0,0.638500000000000,-285.660000000000,-272.166000000000,-5.11768000000000,-3.39882000000000,-4.97762000000000,-186.004609820901,-119.675844463338,270.221974917849,-37.5697000000000,-30.8199000000000,939.000000000000,1453.00000000000,2304.00000000000,3467.00000000000,4474.00000000000,5411.00000000000,6052.00000000000,6743.00000000000,7833.00000000000,8471.00000000000,9500.00000000000,10394.0000000000,11248.0000000000,12301.0000000000,13343.0000000000,14325.0000000000,15055.0000000000,15907.0000000000,16707.0000000000,17122.0000000000,18227.0000000000,18668.0000000000,19321.0000000000,19814.0000000000,10062.0000000000,-13587.8200000000,-13954.4200000000,366.600000000000,-32589.5208100000
211,'2/T0615/PRECORS_TS4',0,0.694600000000000,-296.041000000000,-269.612000000000,-7.58397000000000,-10.0869000000000,-8.75738000000000,-289.707864569110,-223.015145527780,154.167798787228,-61.7842000000000,-51.5497000000000,879.000000000000,1221.00000000000,2062.00000000000,3200.00000000000,4009.00000000000,4875.00000000000,5491.00000000000,6032.00000000000,6971.00000000000,7653.00000000000,8368.00000000000,9228.00000000000,10116.0000000000,11292.0000000000,12069.0000000000,12982.0000000000,13896.0000000000,14380.0000000000,15316.0000000000,15843.0000000000,16747.0000000000,17196.0000000000,17785.0000000000,18664.0000000000,9534.00000000000,-14600.3100000000,-13830.0000000000,-770.310000000000,-32405.2392160000
212,'2/T0615/PRECORS_TS5',0,0.673200000000000,-301.601000000000,-271.748000000000,-9.16670000000000,-11.7625000000000,-8.92303000000000,-282.892641552162,-214.427045533811,171.355895750444,-62.2214000000000,-54.0897000000000,898.000000000000,1262.00000000000,2109.00000000000,3315.00000000000,4034.00000000000,5076.00000000000,5543.00000000000,6126.00000000000,7024.00000000000,7756.00000000000,8326.00000000000,9189.00000000000,9989.00000000000,11310.0000000000,11972.0000000000,12694.0000000000,13756.0000000000,14386.0000000000,15393.0000000000,15626.0000000000,16543.0000000000,17405.0000000000,17736.0000000000,18598.0000000000,9474.00000000000,-16027.6000000000,-13938.1700000000,-2089.43000000000,-32693.7917530000
213,'2/T0615/ProfileCRF_TS1',0,0.671000000000000,-272.701000000000,-251.739000000000,-6.59390000000000,-7.94996000000000,-6.41834000000000,-216.749030911591,-157.923430547492,298.378926475176,-60.0162000000000,-52.5689000000000,800.000000000000,1210.00000000000,1919.00000000000,3068.00000000000,3725.00000000000,4615.00000000000,5161.00000000000,5792.00000000000,6552.00000000000,7088.00000000000,7698.00000000000,8516.00000000000,9257.00000000000,10218.0000000000,11197.0000000000,11796.0000000000,12482.0000000000,13054.0000000000,13637.0000000000,14213.0000000000,14874.0000000000,15786.0000000000,16086.0000000000,16984.0000000000,8626.00000000000,-13904.3100000000,-12951.6300000000,-952.680000000000,-30286.7646140000
214,'2/T0615/ProfileCRF_TS2',0,0.369800000000000,-212.891000000000,-205.713000000000,-2.43966000000000,-2.96863000000000,-1.76929000000000,-171.093797253447,-52.7215398414159,761.146092443762,-44.1573000000000,-29.5003000000000,744.000000000000,1166.00000000000,1833.00000000000,2718.00000000000,3423.00000000000,4300.00000000000,4698.00000000000,5206.00000000000,6055.00000000000,6399.00000000000,6968.00000000000,7780.00000000000,8149.00000000000,9311.00000000000,9608.00000000000,10470.0000000000,10868.0000000000,11434.0000000000,12182.0000000000,12531.0000000000,13174.0000000000,13730.0000000000,14108.0000000000,14143.0000000000,7273.00000000000,-8865.96000000000,-10506.0300000000,1640.07000000000,-22623.6828320000
215,'2/T0615/ProfileCRF_TS3',0,0.391000000000000,-204.336000000000,-191.280000000000,-4.67452000000000,-5.64825000000000,-2.73389000000000,-149.089355919739,-47.1259117857274,874.063989928855,-50.2891000000000,-35.2164000000000,690.000000000000,1104.00000000000,1716.00000000000,2597.00000000000,3291.00000000000,3852.00000000000,4366.00000000000,4804.00000000000,5459.00000000000,5879.00000000000,6345.00000000000,6795.00000000000,7576.00000000000,8061.00000000000,8640.00000000000,9082.00000000000,9567.00000000000,10031.0000000000,10695.0000000000,11049.0000000000,11353.0000000000,11703.0000000000,12054.0000000000,12389.0000000000,6161.00000000000,-7553.15000000000,-9840.21000000000,2287.06000000000,-21733.9635580000
216,'2/T0615/ProfileCRF_TS4',0,0.338500000000000,-201.295000000000,-193.533000000000,-2.90690000000000,-2.56438000000000,-2.29116000000000,-101.905622640139,-9.20433105840640,903.601190033044,-39.1562000000000,-25.8534000000000,731.000000000000,1138.00000000000,1781.00000000000,2641.00000000000,3432.00000000000,3969.00000000000,4550.00000000000,4987.00000000000,5807.00000000000,6037.00000000000,6804.00000000000,7517.00000000000,8076.00000000000,8670.00000000000,9386.00000000000,9711.00000000000,10488.0000000000,10902.0000000000,11249.0000000000,12015.0000000000,12305.0000000000,12937.0000000000,13136.0000000000,13706.0000000000,7060.00000000000,-8418.71000000000,-9916.06000000000,1497.34000000000,-22836.6714830000
217,'2/T0615/ProfileCRF_TS5',0,0.414900000000000,-197.895000000000,-185.469000000000,-4.30484000000000,-3.97917000000000,-4.14247000000000,-125.963078012353,-13.2759338021561,958.363777276118,-51.1222000000000,-46.4102000000000,639.000000000000,965.000000000000,1502.00000000000,2280.00000000000,2856.00000000000,3399.00000000000,3805.00000000000,4226.00000000000,4874.00000000000,5097.00000000000,5623.00000000000,6105.00000000000,6496.00000000000,7250.00000000000,7605.00000000000,8219.00000000000,8856.00000000000,9243.00000000000,9775.00000000000,10079.0000000000,10615.0000000000,11124.0000000000,11297.0000000000,11743.0000000000,6095.00000000000,-9408.45000000000,-9538.05000000000,129.600000000000,-22614.6851140000
218,'2/T0615/ProQ2_TS1',0,0.703700000000000,-302.241000000000,-274.627000000000,-8.21267000000000,-11.4282000000000,-7.97353000000000,-226.319595325631,-210.171433671987,189.239871540548,-65.0890000000000,-59.9365000000000,666.000000000000,1151.00000000000,1957.00000000000,2942.00000000000,3955.00000000000,4833.00000000000,5411.00000000000,6034.00000000000,6929.00000000000,7407.00000000000,7932.00000000000,8968.00000000000,9798.00000000000,10815.0000000000,11783.0000000000,12343.0000000000,13382.0000000000,13999.0000000000,14616.0000000000,15183.0000000000,16089.0000000000,16734.0000000000,17264.0000000000,18024.0000000000,9386.00000000000,-17851.6500000000,-14380.6200000000,-3471.03000000000,-33064.8499930000
219,'2/T0615/ProQ2_TS2',0,0.612600000000000,-283.962000000000,-261.674000000000,-6.71173000000000,-9.18988000000000,-6.38674000000000,-251.683925860311,-144.062691661922,234.711162083960,-63.7488000000000,-60.8067000000000,719.000000000000,1151.00000000000,1859.00000000000,2870.00000000000,3666.00000000000,4398.00000000000,4943.00000000000,5667.00000000000,6432.00000000000,6960.00000000000,7693.00000000000,8218.00000000000,9366.00000000000,10261.0000000000,10960.0000000000,11924.0000000000,12736.0000000000,13245.0000000000,13994.0000000000,14551.0000000000,15391.0000000000,16198.0000000000,16783.0000000000,17212.0000000000,9055.00000000000,-16062.6400000000,-13440.3100000000,-2622.33000000000,-31366.9609290000
220,'2/T0615/ProQ2_TS3',0,0.701300000000000,-291.818000000000,-265.403000000000,-7.85188000000000,-10.7633000000000,-7.79981000000000,-240.124998619492,-160.096166312143,213.933877322604,-59.8973000000000,-49.8913000000000,790.000000000000,1308.00000000000,1953.00000000000,3118.00000000000,3994.00000000000,4817.00000000000,5406.00000000000,6003.00000000000,7127.00000000000,7457.00000000000,8103.00000000000,8962.00000000000,9846.00000000000,10907.0000000000,11649.0000000000,12615.0000000000,13390.0000000000,14106.0000000000,14816.0000000000,15640.0000000000,16555.0000000000,17186.0000000000,18005.0000000000,18544.0000000000,9746.00000000000,-14769.1200000000,-13815.2000000000,-953.920000000000,-32036.8200110000
221,'2/T0615/ProQ2_TS4',0,0.699500000000000,-295.108000000000,-269.641000000000,-7.80330000000000,-10.4837000000000,-7.18015000000000,-238.485906605089,-132.584806770885,239.850348630728,-63.4060000000000,-53.6969000000000,796.000000000000,1237.00000000000,1927.00000000000,3090.00000000000,3968.00000000000,4826.00000000000,5271.00000000000,5967.00000000000,6993.00000000000,7461.00000000000,8022.00000000000,9034.00000000000,9937.00000000000,11047.0000000000,11710.0000000000,12735.0000000000,13626.0000000000,14264.0000000000,14994.0000000000,15583.0000000000,16424.0000000000,17161.0000000000,17890.0000000000,18392.0000000000,9410.00000000000,-15497.8700000000,-13905.9600000000,-1591.91000000000,-32475.2172360000
222,'2/T0615/ProQ2_TS5',0,0.626300000000000,-293.581000000000,-266.820000000000,-7.58404000000000,-11.0091000000000,-8.16782000000000,-259.895634008162,-189.118453307100,188.510344397987,-64.8777000000000,-59.1823000000000,799.000000000000,1242.00000000000,1884.00000000000,3108.00000000000,3966.00000000000,4742.00000000000,5119.00000000000,5819.00000000000,6823.00000000000,7137.00000000000,7852.00000000000,8648.00000000000,9595.00000000000,10728.0000000000,11395.0000000000,12374.0000000000,12993.0000000000,13617.0000000000,14291.0000000000,14905.0000000000,15662.0000000000,16344.0000000000,16902.0000000000,17655.0000000000,8954.00000000000,-17642.1400000000,-13801.0900000000,-3841.05000000000,-32134.8829200000
223,'2/T0615/ProQ_TS1',0,0.703700000000000,-302.241000000000,-274.627000000000,-8.21267000000000,-11.4282000000000,-7.97353000000000,-226.319595325631,-210.171433671987,189.239871540548,-65.0890000000000,-59.9365000000000,666.000000000000,1151.00000000000,1957.00000000000,2942.00000000000,3955.00000000000,4833.00000000000,5411.00000000000,6034.00000000000,6929.00000000000,7407.00000000000,7932.00000000000,8968.00000000000,9798.00000000000,10815.0000000000,11783.0000000000,12343.0000000000,13382.0000000000,13999.0000000000,14616.0000000000,15183.0000000000,16089.0000000000,16734.0000000000,17264.0000000000,18024.0000000000,9386.00000000000,-17851.6500000000,-14380.6200000000,-3471.03000000000,-33064.8499930000
224,'2/T0615/ProQ_TS2',0,0.644300000000000,-286.274000000000,-258.836000000000,-7.68751000000000,-11.3092000000000,-8.44167000000000,-288.045661871593,-230.849864935531,272.832317492829,-69.2162000000000,-63.9543000000000,740.000000000000,1111.00000000000,1828.00000000000,2928.00000000000,3709.00000000000,4386.00000000000,4800.00000000000,5497.00000000000,6377.00000000000,6660.00000000000,7310.00000000000,8194.00000000000,9045.00000000000,10097.0000000000,10610.0000000000,11457.0000000000,12212.0000000000,12648.0000000000,13290.0000000000,14162.0000000000,14638.0000000000,15508.0000000000,15948.0000000000,16691.0000000000,8660.00000000000,-16278.9000000000,-13388.1200000000,-2890.78000000000,-31238.8688300000
225,'2/T0615/ProQ_TS3',0,0.627800000000000,-288.047000000000,-263.692000000000,-7.59675000000000,-9.76065000000000,-6.99778000000000,-257.372617871258,-195.144216417151,172.031793873788,-62.7043000000000,-55.6790000000000,857.000000000000,1231.00000000000,1986.00000000000,3129.00000000000,3895.00000000000,4905.00000000000,5291.00000000000,6026.00000000000,6743.00000000000,7388.00000000000,8091.00000000000,8767.00000000000,9547.00000000000,10752.0000000000,11468.0000000000,12248.0000000000,13110.0000000000,13721.0000000000,14637.0000000000,14994.0000000000,15839.0000000000,16496.0000000000,17213.0000000000,17924.0000000000,9373.00000000000,-15760.6600000000,-13548.1300000000,-2212.53000000000,-31692.8517010000
226,'2/T0615/ProQ_TS4',0,0.541300000000000,-185.900000000000,-170.967000000000,-4.44919000000000,-5.90850000000000,-4.57572000000000,-168.439905757299,-104.626877394662,361.848471902302,-44.4144000000000,-40.6720000000000,494.000000000000,820.000000000000,1275.00000000000,2037.00000000000,2573.00000000000,3040.00000000000,3371.00000000000,3688.00000000000,4327.00000000000,4569.00000000000,5085.00000000000,5422.00000000000,6035.00000000000,6733.00000000000,7180.00000000000,7594.00000000000,8187.00000000000,8485.00000000000,8935.00000000000,8975.00000000000,9872.00000000000,9991.00000000000,10344.0000000000,10633.0000000000,5452.00000000000,-9590.22000000000,-8845.94000000000,-744.280000000000,-20532.3245120000
227,'2/T0615/ProQ_TS5',0,0.699500000000000,-295.108000000000,-269.641000000000,-7.80330000000000,-10.4837000000000,-7.18015000000000,-238.485906605089,-132.584806770885,239.850348630728,-63.4060000000000,-53.6969000000000,796.000000000000,1237.00000000000,1927.00000000000,3090.00000000000,3968.00000000000,4826.00000000000,5271.00000000000,5967.00000000000,6993.00000000000,7461.00000000000,8022.00000000000,9034.00000000000,9937.00000000000,11047.0000000000,11710.0000000000,12735.0000000000,13626.0000000000,14264.0000000000,14994.0000000000,15583.0000000000,16424.0000000000,17161.0000000000,17890.0000000000,18392.0000000000,9410.00000000000,-15497.8700000000,-13905.9600000000,-1591.91000000000,-32475.2172360000
228,'2/T0615/pro-sp3-TASSER_TS1',0,0.713200000000000,-270.175000000000,-251.049000000000,-4.67351000000000,-5.53500000000000,-8.91689000000000,-82.0177660238571,-124.087326316202,207.252502084599,-36.4909000000000,-27.0444000000000,904.000000000000,1346.00000000000,2077.00000000000,3306.00000000000,4158.00000000000,5198.00000000000,5762.00000000000,6286.00000000000,7552.00000000000,7919.00000000000,8434.00000000000,9469.00000000000,10159.0000000000,11330.0000000000,12389.0000000000,13111.0000000000,14251.0000000000,14869.0000000000,15530.0000000000,16203.0000000000,16899.0000000000,17376.0000000000,18377.0000000000,18670.0000000000,9688.00000000000,-15408.5800000000,-13612.7700000000,-1795.81000000000,-30664.0259630000
229,'2/T0615/pro-sp3-TASSER_TS2',0,0.700900000000000,-263.519000000000,-244.594000000000,-4.62969000000000,-5.62653000000000,-8.66833000000000,-77.8447663319316,-89.1120223946070,133.060759739709,-38.1761000000000,-27.8553000000000,850.000000000000,1283.00000000000,2058.00000000000,3124.00000000000,4118.00000000000,5028.00000000000,5521.00000000000,6144.00000000000,7304.00000000000,7663.00000000000,8449.00000000000,9108.00000000000,10014.0000000000,10777.0000000000,11910.0000000000,12556.0000000000,13490.0000000000,14232.0000000000,14877.0000000000,15720.0000000000,15954.0000000000,17068.0000000000,17631.0000000000,18352.0000000000,9407.00000000000,-12279.2400000000,-13109.2200000000,829.980000000000,-30029.9816370000
230,'2/T0615/pro-sp3-TASSER_TS3',0,0.698100000000000,-251.986000000000,-233.255000000000,-4.56999000000000,-5.46031000000000,-8.70062000000000,-39.8258504420536,-82.0520978163710,204.389504262158,-28.8121000000000,-17.6907000000000,940.000000000000,1301.00000000000,2000.00000000000,3139.00000000000,4099.00000000000,4911.00000000000,5577.00000000000,6186.00000000000,7146.00000000000,7760.00000000000,8238.00000000000,9233.00000000000,9874.00000000000,10881.0000000000,11918.0000000000,12658.0000000000,13425.0000000000,14305.0000000000,14892.0000000000,15874.0000000000,16219.0000000000,16915.0000000000,17777.0000000000,18329.0000000000,9540.00000000000,-12369.7100000000,-12708.8700000000,339.150000000000,-28695.5499650000
231,'2/T0615/pro-sp3-TASSER_TS4',0,0.696900000000000,-251.779000000000,-234.686000000000,-4.32857000000000,-5.05656000000000,-7.70840000000000,-35.1524743375089,-98.8347448606957,171.234715738456,-30.2866000000000,-19.9797000000000,910.000000000000,1236.00000000000,2086.00000000000,3102.00000000000,4026.00000000000,4953.00000000000,5555.00000000000,6226.00000000000,7207.00000000000,7492.00000000000,8444.00000000000,8912.00000000000,9981.00000000000,10766.0000000000,11793.0000000000,12479.0000000000,13432.0000000000,14195.0000000000,14701.0000000000,15450.0000000000,16219.0000000000,16771.0000000000,17815.0000000000,18321.0000000000,9192.00000000000,-11815.8000000000,-12589.1000000000,773.290000000000,-28791.0027480000
232,'2/T0615/pro-sp3-TASSER_TS5',0,0.690800000000000,-242.278000000000,-225.644000000000,-4.52124000000000,-4.30715000000000,-7.80614000000000,-52.6773183967986,-110.007841243500,231.726543637598,-24.6016000000000,-14.1926000000000,889.000000000000,1337.00000000000,2023.00000000000,3117.00000000000,3989.00000000000,4822.00000000000,5506.00000000000,6112.00000000000,7131.00000000000,7631.00000000000,8138.00000000000,9078.00000000000,9672.00000000000,10622.0000000000,11601.0000000000,12480.0000000000,13096.0000000000,13874.0000000000,14776.0000000000,15164.0000000000,16079.0000000000,16486.0000000000,17405.0000000000,18205.0000000000,9338.00000000000,-11683.7200000000,-12404.3800000000,720.660000000000,-28010.8398720000
233,'2/T0615/PROTAGORAS_TS1',0,0.696300000000000,-293.360000000000,-267.240000000000,-8.16777000000000,-10.5144000000000,-7.43788000000000,-190.212928846925,-137.935268517012,167.097277520264,-57.5635000000000,-46.4858000000000,947.000000000000,1242.00000000000,2077.00000000000,3274.00000000000,4048.00000000000,5060.00000000000,5607.00000000000,6237.00000000000,7269.00000000000,7599.00000000000,8464.00000000000,9248.00000000000,10265.0000000000,11407.0000000000,12151.0000000000,13117.0000000000,13840.0000000000,14720.0000000000,15527.0000000000,15856.0000000000,16750.0000000000,17486.0000000000,18194.0000000000,18828.0000000000,9766.00000000000,-13749.7700000000,-13662.1600000000,-87.6100000000000,-32201.6572390000
234,'2/T0615/Pushchino_TS1',0,0.601900000000000,-94.9827000000000,-87.3279000000000,-2.52854000000000,-1.50924000000000,-3.61703000000000,-114.491877792470,-122.342293531250,103.341540691609,-30.5236000000000,-42.7527000000000,521.000000000000,659.000000000000,930.000000000000,1240.00000000000,1332.00000000000,1321.00000000000,1547.00000000000,1426.00000000000,1474.00000000000,1625.00000000000,1847.00000000000,2130.00000000000,2421.00000000000,2745.00000000000,3008.00000000000,3260.00000000000,3570.00000000000,3525.00000000000,3754.00000000000,3842.00000000000,4042.00000000000,4130.00000000000,4228.00000000000,4314.00000000000,2267.00000000000,-1.28000000000000,-2.15000000000000,0.870000000000000,-10525.8794650000
235,'2/T0615/QUARK_TS1',0,0.733400000000000,-325.269000000000,-287.787000000000,-10.3779000000000,-15.6273000000000,-11.4776000000000,-295.812815384887,-245.366856705715,-19.7288080960515,-77.3010000000000,-69.3340000000000,829.000000000000,1282.00000000000,2076.00000000000,3369.00000000000,4017.00000000000,5144.00000000000,5413.00000000000,6216.00000000000,7097.00000000000,7558.00000000000,8149.00000000000,9112.00000000000,10043.0000000000,11097.0000000000,12089.0000000000,12745.0000000000,13955.0000000000,14685.0000000000,15005.0000000000,15784.0000000000,16477.0000000000,17159.0000000000,17850.0000000000,18477.0000000000,9640.00000000000,-17895.2300000000,-14771.0900000000,-3124.14000000000,-34485.5147770000
236,'2/T0615/QUARK_TS2',0,0.721000000000000,-329.086000000000,-290.070000000000,-11.0253000000000,-16.5765000000000,-11.4137000000000,-293.396632417115,-246.520550119430,27.5176520203508,-78.5351000000000,-70.0331000000000,849.000000000000,1305.00000000000,2145.00000000000,3255.00000000000,4034.00000000000,5192.00000000000,5646.00000000000,6379.00000000000,7219.00000000000,7710.00000000000,8330.00000000000,9194.00000000000,10161.0000000000,11187.0000000000,12240.0000000000,12878.0000000000,13781.0000000000,14586.0000000000,15040.0000000000,15841.0000000000,16530.0000000000,17244.0000000000,17864.0000000000,18552.0000000000,9524.00000000000,-18023.5200000000,-14905.5500000000,-3117.97000000000,-34874.1961330000
237,'2/T0615/QUARK_TS3',0,0.655900000000000,-314.284000000000,-279.143000000000,-9.96413000000000,-15.3514000000000,-9.82580000000000,-266.365396993590,-222.799903102986,113.275117814106,-76.9805000000000,-65.3187000000000,805.000000000000,1274.00000000000,2096.00000000000,3248.00000000000,4047.00000000000,5188.00000000000,5476.00000000000,6342.00000000000,6878.00000000000,7580.00000000000,7993.00000000000,9049.00000000000,9810.00000000000,10896.0000000000,11766.0000000000,12545.0000000000,13251.0000000000,13927.0000000000,14501.0000000000,15271.0000000000,15907.0000000000,16679.0000000000,17197.0000000000,18045.0000000000,9180.00000000000,-15139.5200000000,-14277.4000000000,-862.120000000000,-33454.2027620000
238,'2/T0615/QUARK_TS4',0,0.272100000000000,-335.496000000000,-291.294000000000,-13.3447000000000,-21.4700000000000,-9.38652000000000,-296.300547764462,-254.176667515462,114.824685514016,-84.8768000000000,-74.0563000000000,854.000000000000,1335.00000000000,2156.00000000000,3458.00000000000,3948.00000000000,5287.00000000000,5367.00000000000,6291.00000000000,7025.00000000000,7621.00000000000,8134.00000000000,9082.00000000000,9873.00000000000,11056.0000000000,12034.0000000000,12614.0000000000,13660.0000000000,14387.0000000000,15173.0000000000,16047.0000000000,16457.0000000000,17098.0000000000,17731.0000000000,18239.0000000000,9417.00000000000,-17658.3000000000,-14811.4700000000,-2846.83000000000,-34988.9783810000
239,'2/T0615/QUARK_TS5',0,0.423800000000000,-306.128000000000,-283.652000000000,-4.97011000000000,-5.01797000000000,-12.4879000000000,-277.379789471248,-220.274411861913,0.811227063460028,-40.6140000000000,-34.5816000000000,1073.00000000000,1606.00000000000,2764.00000000000,4030.00000000000,4783.00000000000,5833.00000000000,6292.00000000000,7133.00000000000,8374.00000000000,8896.00000000000,10066.0000000000,10862.0000000000,11698.0000000000,12708.0000000000,13677.0000000000,14564.0000000000,15532.0000000000,16276.0000000000,17410.0000000000,17959.0000000000,18581.0000000000,19364.0000000000,20015.0000000000,20769.0000000000,10511.0000000000,-12014.7200000000,-14426.7100000000,2411.99000000000,-34743.3802110000
240,'2/T0615/RaptorX-Boost_TS1',0,0.697800000000000,-282.552000000000,-253.788000000000,-8.58632000000000,-11.2388000000000,-8.93836000000000,-125.214300700004,-126.292285103756,136.331169331149,-49.1307000000000,-38.7871000000000,795.000000000000,1256.00000000000,2008.00000000000,3125.00000000000,4144.00000000000,4968.00000000000,5588.00000000000,6045.00000000000,7064.00000000000,7438.00000000000,7970.00000000000,8784.00000000000,9831.00000000000,10968.0000000000,11624.0000000000,12583.0000000000,13379.0000000000,14397.0000000000,14714.0000000000,15496.0000000000,16494.0000000000,16946.0000000000,17591.0000000000,18224.0000000000,9523.00000000000,-14899.7500000000,-13355.5800000000,-1544.16000000000,-30856.8644600000
241,'2/T0615/RaptorX-Boost_TS2',0,0.699700000000000,-282.006000000000,-254.314000000000,-8.14364000000000,-11.0186000000000,-8.52939000000000,-111.692580693621,-145.567153368130,124.212462721102,-50.1639000000000,-40.4993000000000,776.000000000000,1303.00000000000,2072.00000000000,3096.00000000000,4091.00000000000,4886.00000000000,5420.00000000000,6131.00000000000,7096.00000000000,7420.00000000000,8037.00000000000,8829.00000000000,9809.00000000000,10965.0000000000,11712.0000000000,12568.0000000000,13391.0000000000,14352.0000000000,14792.0000000000,15264.0000000000,16520.0000000000,16849.0000000000,17342.0000000000,18089.0000000000,9250.00000000000,-15235.4200000000,-13432.9900000000,-1802.43000000000,-31003.3234760000
242,'2/T0615/RaptorX-MSA_TS1',0,0.699000000000000,-304.376000000000,-274.775000000000,-8.41826000000000,-11.9473000000000,-9.23537000000000,-244.741034627265,-200.656799146592,216.098542387358,-67.5718000000000,-59.5010000000000,800.000000000000,1243.00000000000,2001.00000000000,3164.00000000000,4018.00000000000,4923.00000000000,5328.00000000000,6029.00000000000,7016.00000000000,7284.00000000000,8148.00000000000,8889.00000000000,9877.00000000000,11245.0000000000,11659.0000000000,12555.0000000000,13563.0000000000,14115.0000000000,14855.0000000000,15583.0000000000,16505.0000000000,17023.0000000000,17927.0000000000,18435.0000000000,9539.00000000000,-17133.0100000000,-14198.5100000000,-2934.50000000000,-33197.2654180000
243,'2/T0615/RaptorX_TS1',0,0.697800000000000,-282.552000000000,-253.788000000000,-8.58632000000000,-11.2388000000000,-8.93836000000000,-125.214300700004,-126.292285103756,136.331169331149,-49.1307000000000,-38.7871000000000,795.000000000000,1256.00000000000,2008.00000000000,3125.00000000000,4144.00000000000,4968.00000000000,5588.00000000000,6045.00000000000,7064.00000000000,7438.00000000000,7970.00000000000,8784.00000000000,9831.00000000000,10968.0000000000,11624.0000000000,12583.0000000000,13379.0000000000,14397.0000000000,14714.0000000000,15496.0000000000,16494.0000000000,16946.0000000000,17591.0000000000,18224.0000000000,9523.00000000000,-14899.7500000000,-13355.5800000000,-1544.16000000000,-30856.8644600000
244,'2/T0615/RaptorX_TS2',0,0.699700000000000,-282.006000000000,-254.314000000000,-8.14364000000000,-11.0186000000000,-8.52939000000000,-111.692580693621,-145.567153368130,124.212462721102,-50.1639000000000,-40.4993000000000,776.000000000000,1303.00000000000,2072.00000000000,3096.00000000000,4091.00000000000,4886.00000000000,5420.00000000000,6131.00000000000,7096.00000000000,7420.00000000000,8037.00000000000,8829.00000000000,9809.00000000000,10965.0000000000,11712.0000000000,12568.0000000000,13391.0000000000,14352.0000000000,14792.0000000000,15264.0000000000,16520.0000000000,16849.0000000000,17342.0000000000,18089.0000000000,9250.00000000000,-15235.4200000000,-13432.9900000000,-1802.43000000000,-31003.3234760000
245,'2/T0615/rehtnap_TS1',0,0.385500000000000,-174.215000000000,-167.261000000000,-2.19807000000000,-1.36983000000000,-3.38613000000000,117.998998345616,68.2993276634175,556.455897056130,-12.3340000000000,1.93415000000000,718.000000000000,1423.00000000000,2067.00000000000,2799.00000000000,3600.00000000000,4403.00000000000,4937.00000000000,5740.00000000000,6017.00000000000,6579.00000000000,6841.00000000000,7488.00000000000,8080.00000000000,8855.00000000000,9474.00000000000,9878.00000000000,10267.0000000000,10712.0000000000,11171.0000000000,11422.0000000000,11835.0000000000,11997.0000000000,12339.0000000000,12410.0000000000,6296.00000000000,-6492.00000000000,-8655.77000000000,2163.77000000000,-20812.5943900000
246,'2/T0615/rehtnap_TS3',0,0.451200000000000,-112.953000000000,-100.758000000000,-4.08922000000000,-4.78527000000000,-3.32025000000000,-69.9175950475252,-109.938586088800,251.152360518746,-21.0247000000000,-25.4901000000000,419.000000000000,706.000000000000,1112.00000000000,1477.00000000000,1861.00000000000,2139.00000000000,2362.00000000000,2396.00000000000,2643.00000000000,2739.00000000000,2806.00000000000,3269.00000000000,3518.00000000000,3969.00000000000,4386.00000000000,4630.00000000000,4800.00000000000,4974.00000000000,5257.00000000000,5241.00000000000,5544.00000000000,5756.00000000000,5913.00000000000,6073.00000000000,3126.00000000000,-2328.34000000000,-1579.10000000000,-749.240000000000,-12125.4749740000
247,'2/T0615/SAM-T02-server_AL1.pdb',0,0.609900000000000,-109.145000000000,-87.2303000000000,-6.68878000000000,-6.66303000000000,-8.56272000000000,-210.555107747680,-207.373164337757,37.5185552817037,-38.7298000000000,-50.1211000000000,468.000000000000,584.000000000000,809.000000000000,1064.00000000000,1099.00000000000,1081.00000000000,1168.00000000000,1060.00000000000,1014.00000000000,1279.00000000000,1338.00000000000,1714.00000000000,1938.00000000000,2360.00000000000,2608.00000000000,2873.00000000000,3148.00000000000,3206.00000000000,3425.00000000000,3462.00000000000,3669.00000000000,3751.00000000000,3667.00000000000,3873.00000000000,1939.00000000000,-1.66000000000000,-2.25000000000000,0.590000000000000,-10228.6946620000
248,'2/T0615/SAM-T02-server_AL2.pdb',0,0.399800000000000,-81.6522000000000,-63.7884000000000,-5.55366000000000,-5.90400000000000,-6.40612000000000,-169.938582355021,-114.755990166679,114.729917914084,-33.1625000000000,-40.1482000000000,345.000000000000,444.000000000000,585.000000000000,783.000000000000,774.000000000000,743.000000000000,797.000000000000,675.000000000000,636.000000000000,810.000000000000,795.000000000000,1074.00000000000,1259.00000000000,1478.00000000000,1660.00000000000,1854.00000000000,2133.00000000000,2170.00000000000,2370.00000000000,2483.00000000000,2519.00000000000,2571.00000000000,2638.00000000000,2649.00000000000,1311.00000000000,0.000000000000000E+000,0.000000000000000E+000,0.000000000000000E+000,-7356.49577000000
249,'2/T0615/SAM-T02-server_AL3.pdb',0,0.276400000000000,-69.0508000000000,-58.9193000000000,-2.92466000000000,-2.80123000000000,-4.40565000000000,-174.578808986550,-128.386701999986,134.332809503207,-25.7003000000000,-31.9970000000000,326.000000000000,404.000000000000,545.000000000000,700.000000000000,764.000000000000,764.000000000000,834.000000000000,814.000000000000,851.000000000000,1029.00000000000,1055.00000000000,1324.00000000000,1512.00000000000,1797.00000000000,1955.00000000000,1915.00000000000,2212.00000000000,2197.00000000000,2343.00000000000,2283.00000000000,2285.00000000000,2369.00000000000,2291.00000000000,2367.00000000000,1215.00000000000,-57.8700000000000,-45.5800000000000,-12.2900000000000,-5576.05864700000
250,'2/T0615/SAM-T02-server_AL4.pdb',0,0.267000000000000,-64.1033000000000,-51.2020000000000,-4.32277000000000,-3.84582000000000,-4.73278000000000,-138.587197815192,-116.016245628333,51.7777446235987,-27.0885000000000,-32.4344000000000,296.000000000000,393.000000000000,553.000000000000,660.000000000000,715.000000000000,655.000000000000,740.000000000000,637.000000000000,619.000000000000,774.000000000000,752.000000000000,991.000000000000,1102.00000000000,1290.00000000000,1383.00000000000,1454.00000000000,1724.00000000000,1661.00000000000,1687.00000000000,1709.00000000000,1638.00000000000,1735.00000000000,1645.00000000000,1595.00000000000,822.000000000000,0.000000000000000E+000,0.000000000000000E+000,0.000000000000000E+000,-6058.95417000000
251,'2/T0615/SAM-T02-server_AL5.pdb',0,0.109600000000000,-9.54511000000000,-8.77482000000000,-0.282520000000000,-4.074240000000000E-002,-0.447030000000000,-46.5192100155850,-43.2384558327194,76.7182254126564,-6.00329000000000,-7.10312000000000,70.0000000000000,95.0000000000000,109.000000000000,161.000000000000,149.000000000000,154.000000000000,139.000000000000,135.000000000000,117.000000000000,123.000000000000,116.000000000000,141.000000000000,153.000000000000,171.000000000000,185.000000000000,149.000000000000,134.000000000000,155.000000000000,141.000000000000,150.000000000000,123.000000000000,145.000000000000,99.0000000000000,104.000000000000,49.0000000000000,0.000000000000000E+000,0.000000000000000E+000,0.000000000000000E+000,-1040.74455200000
252,'2/T0615/SAM-T06-server_TS1',0,0.313800000000000,-277.864000000000,-247.202000000000,-9.54870000000000,-13.2230000000000,-7.88989000000000,-290.725144271181,-222.977474076372,484.190182672721,-75.3425000000000,-61.5514000000000,661.000000000000,1298.00000000000,1962.00000000000,2904.00000000000,3926.00000000000,4681.00000000000,5150.00000000000,5598.00000000000,6506.00000000000,6575.00000000000,7075.00000000000,7895.00000000000,8486.00000000000,9557.00000000000,9990.00000000000,10471.0000000000,11263.0000000000,11976.0000000000,12393.0000000000,12760.0000000000,13256.0000000000,14074.0000000000,14659.0000000000,15029.0000000000,7791.00000000000,-13717.3300000000,-12784.1700000000,-933.170000000000,-30400.6704250000
253,'2/T0615/SAM-T06-server_TS2',0,0.596000000000000,-259.422000000000,-230.184000000000,-8.19378000000000,-12.0958000000000,-8.94829000000000,-231.003735334680,-218.054039758614,262.105132102171,-65.5841000000000,-62.9242000000000,542.000000000000,1004.00000000000,1589.00000000000,2424.00000000000,3265.00000000000,3880.00000000000,4371.00000000000,4854.00000000000,5515.00000000000,5790.00000000000,6233.00000000000,7043.00000000000,7688.00000000000,8532.00000000000,9131.00000000000,9812.00000000000,10396.0000000000,10708.0000000000,11359.0000000000,11659.0000000000,12165.0000000000,12571.0000000000,13032.0000000000,13490.0000000000,7008.00000000000,-15229.0600000000,-11937.9200000000,-3291.14000000000,-27784.8669390000
254,'2/T0615/SAM-T06-server_TS3',0,0.491800000000000,-220.777000000000,-195.353000000000,-6.81739000000000,-10.6192000000000,-7.98692000000000,-203.646524229831,-141.557057928314,495.524156287256,-57.4447000000000,-58.1647000000000,473.000000000000,880.000000000000,1404.00000000000,2073.00000000000,2811.00000000000,3242.00000000000,3544.00000000000,3928.00000000000,4500.00000000000,4731.00000000000,5114.00000000000,5791.00000000000,6122.00000000000,7048.00000000000,7470.00000000000,7916.00000000000,8494.00000000000,8830.00000000000,9484.00000000000,9970.00000000000,10328.0000000000,10733.0000000000,11062.0000000000,11274.0000000000,5757.00000000000,-14153.4500000000,-10131.9400000000,-4021.50000000000,-23839.9138720000
255,'2/T0615/SAM-T06-server_TS4',0,0.375500000000000,-220.304000000000,-204.024000000000,-5.05777000000000,-6.54465000000000,-4.67766000000000,-186.917425369792,-156.805873847953,451.548672484056,-44.8075000000000,-36.6096000000000,571.000000000000,987.000000000000,1509.00000000000,2270.00000000000,3180.00000000000,3624.00000000000,4148.00000000000,4729.00000000000,5360.00000000000,5721.00000000000,6112.00000000000,7013.00000000000,7699.00000000000,8533.00000000000,8946.00000000000,9757.00000000000,10502.0000000000,11064.0000000000,11684.0000000000,12222.0000000000,12693.0000000000,13260.0000000000,13749.0000000000,14496.0000000000,7300.00000000000,-11144.5500000000,-10668.3400000000,-476.210000000000,-24809.9053870000
256,'2/T0615/SAM-T06-server_TS5',0,0.269400000000000,-178.571000000000,-157.829000000000,-6.14020000000000,-8.53529000000000,-6.06695000000000,-173.520250583207,-148.481628257505,360.741044494772,-45.5667000000000,-33.5691000000000,463.000000000000,865.000000000000,1389.00000000000,1965.00000000000,2680.00000000000,3169.00000000000,3455.00000000000,3903.00000000000,4355.00000000000,4652.00000000000,4776.00000000000,5374.00000000000,5877.00000000000,6412.00000000000,6688.00000000000,7091.00000000000,7569.00000000000,7808.00000000000,8174.00000000000,8217.00000000000,8619.00000000000,8992.00000000000,9261.00000000000,9429.00000000000,4777.00000000000,-9566.37000000000,-8205.08000000000,-1361.29000000000,-19674.9808130000
257,'2/T0615/SAM-T08-server_TS1',0,0.682800000000000,-308.741000000000,-283.093000000000,-6.98317000000000,-10.2317000000000,-8.43353000000000,-253.987148860020,-237.309302011580,391.545264344651,-68.7256000000000,-61.2735000000000,684.000000000000,1241.00000000000,1993.00000000000,2980.00000000000,4136.00000000000,4788.00000000000,5437.00000000000,6322.00000000000,7126.00000000000,7686.00000000000,8040.00000000000,9240.00000000000,10331.0000000000,11279.0000000000,12164.0000000000,12920.0000000000,13661.0000000000,14458.0000000000,15336.0000000000,15694.0000000000,16492.0000000000,17223.0000000000,18047.0000000000,18132.0000000000,9408.00000000000,-16970.7700000000,-14538.1700000000,-2432.60000000000,-33996.4591780000
258,'2/T0615/SAM-T08-server_TS2',0,0.628700000000000,-286.866000000000,-256.615000000000,-7.78783000000000,-11.6823000000000,-10.7809000000000,-268.088281910747,-242.056897579864,245.639245412189,-37.0697000000000,-26.8770000000000,860.000000000000,1508.00000000000,2306.00000000000,3414.00000000000,4510.00000000000,5406.00000000000,5977.00000000000,6659.00000000000,7721.00000000000,8223.00000000000,8924.00000000000,9741.00000000000,10787.0000000000,11815.0000000000,12537.0000000000,13440.0000000000,14399.0000000000,14750.0000000000,15663.0000000000,16238.0000000000,17128.0000000000,17593.0000000000,18210.0000000000,18793.0000000000,9625.00000000000,-14430.1800000000,-14231.4900000000,-198.690000000000,-31663.5073060000
259,'2/T0615/SAM-T08-server_TS3',0,0.579300000000000,-245.031000000000,-217.374000000000,-7.56544000000000,-11.5880000000000,-8.50353000000000,-217.116727641489,-196.957583266953,177.705725542650,-63.1845000000000,-62.2576000000000,509.000000000000,937.000000000000,1482.00000000000,2256.00000000000,3022.00000000000,3634.00000000000,4036.00000000000,4444.00000000000,5139.00000000000,5325.00000000000,5786.00000000000,6552.00000000000,7146.00000000000,7970.00000000000,8521.00000000000,9029.00000000000,9699.00000000000,9932.00000000000,10528.0000000000,10782.0000000000,11256.0000000000,11690.0000000000,12022.0000000000,12452.0000000000,6476.00000000000,-15342.7700000000,-11308.0100000000,-4034.76000000000,-26198.5195870000
260,'2/T0615/SAM-T08-server_TS4',0,0.377700000000000,-227.805000000000,-200.374000000000,-7.63181000000000,-11.0017000000000,-8.79733000000000,-239.098038245203,-175.908736301153,391.200016270740,-58.0741000000000,-47.9711000000000,511.000000000000,1005.00000000000,1541.00000000000,2271.00000000000,3152.00000000000,3659.00000000000,4036.00000000000,4470.00000000000,5127.00000000000,5426.00000000000,5774.00000000000,6541.00000000000,6989.00000000000,7824.00000000000,8244.00000000000,8868.00000000000,9505.00000000000,9603.00000000000,10273.0000000000,10676.0000000000,10959.0000000000,11515.0000000000,11689.0000000000,12115.0000000000,6150.00000000000,-13377.2600000000,-10280.8500000000,-3096.41000000000,-24576.3982720000
261,'2/T0615/SAM-T08-server_TS5',0,0.324800000000000,-167.465000000000,-145.793000000000,-6.43512000000000,-9.28670000000000,-5.95016000000000,-132.855977199872,-130.668644681794,510.226525253681,-49.9721000000000,-43.8077000000000,451.000000000000,648.000000000000,1077.00000000000,1638.00000000000,2176.00000000000,2533.00000000000,2835.00000000000,3038.00000000000,3642.00000000000,3763.00000000000,3880.00000000000,4322.00000000000,4621.00000000000,5182.00000000000,5407.00000000000,5860.00000000000,6331.00000000000,6601.00000000000,6982.00000000000,7188.00000000000,7264.00000000000,7571.00000000000,7769.00000000000,8010.00000000000,4079.00000000000,-9084.95000000000,-7369.72000000000,-1715.23000000000,-17726.7509700000
262,'2/T0615/Seok-server_TS1',0,0.705000000000000,-332.126000000000,-295.500000000000,-10.6367000000000,-14.3433000000000,-11.6457000000000,-286.861191901513,-213.690465021647,83.8207951174972,-75.6124000000000,-66.3879000000000,768.000000000000,1189.00000000000,2034.00000000000,3059.00000000000,4054.00000000000,5015.00000000000,5633.00000000000,6444.00000000000,7202.00000000000,7953.00000000000,8539.00000000000,9373.00000000000,10285.0000000000,11607.0000000000,12570.0000000000,13466.0000000000,14521.0000000000,15092.0000000000,15929.0000000000,16494.0000000000,17228.0000000000,17903.0000000000,18762.0000000000,19257.0000000000,9926.00000000000,-18918.0100000000,-15334.8500000000,-3583.16000000000,-35306.9441320000
263,'2/T0615/Seok-server_TS2',0,0.705200000000000,-331.604000000000,-295.019000000000,-10.6712000000000,-14.4358000000000,-11.4777000000000,-285.173664208894,-214.668339407861,109.179810637438,-76.1821000000000,-67.0090000000000,765.000000000000,1202.00000000000,2032.00000000000,3067.00000000000,4072.00000000000,5040.00000000000,5623.00000000000,6441.00000000000,7201.00000000000,7904.00000000000,8488.00000000000,9312.00000000000,10217.0000000000,11566.0000000000,12454.0000000000,13353.0000000000,14475.0000000000,15005.0000000000,15819.0000000000,16448.0000000000,17246.0000000000,17860.0000000000,18670.0000000000,19085.0000000000,9903.00000000000,-18598.7500000000,-15309.5400000000,-3289.21000000000,-35251.8365590000
264,'2/T0615/Seok-server_TS3',0,0.701000000000000,-330.440000000000,-293.390000000000,-10.7681000000000,-14.5626000000000,-11.7189000000000,-305.516993402290,-220.301198608448,107.240265160565,-75.7266000000000,-68.0021000000000,767.000000000000,1225.00000000000,1983.00000000000,3079.00000000000,4077.00000000000,5068.00000000000,5586.00000000000,6377.00000000000,7272.00000000000,7819.00000000000,8479.00000000000,9183.00000000000,10213.0000000000,11413.0000000000,12339.0000000000,13027.0000000000,14218.0000000000,14778.0000000000,15624.0000000000,16112.0000000000,17037.0000000000,17559.0000000000,18295.0000000000,18829.0000000000,9645.00000000000,-18576.9600000000,-15242.0800000000,-3334.88000000000,-35157.1510500000
265,'2/T0615/Seok-server_TS4',0,0.701600000000000,-330.018000000000,-294.969000000000,-10.0046000000000,-13.0771000000000,-11.9670000000000,-281.180702305480,-217.340237091059,119.062672176181,-74.0872000000000,-64.4248000000000,772.000000000000,1227.00000000000,2007.00000000000,3044.00000000000,4068.00000000000,5005.00000000000,5687.00000000000,6485.00000000000,7332.00000000000,8019.00000000000,8621.00000000000,9437.00000000000,10528.0000000000,11712.0000000000,12556.0000000000,13494.0000000000,14582.0000000000,15047.0000000000,15974.0000000000,16631.0000000000,17494.0000000000,18051.0000000000,18790.0000000000,19328.0000000000,9826.00000000000,-18221.1700000000,-15287.5400000000,-2933.63000000000,-35256.8689680000
266,'2/T0615/Seok-server_TS5',0,0.706900000000000,-302.454000000000,-274.687000000000,-8.23348000000000,-10.4785000000000,-9.05497000000000,-300.952047558415,-197.519231509048,173.556938737422,-64.4718000000000,-53.9208000000000,822.000000000000,1208.00000000000,1975.00000000000,3027.00000000000,3927.00000000000,4863.00000000000,5454.00000000000,6187.00000000000,7095.00000000000,7675.00000000000,8266.00000000000,9122.00000000000,9996.00000000000,11251.0000000000,12040.0000000000,12984.0000000000,14001.0000000000,14636.0000000000,15498.0000000000,16208.0000000000,17062.0000000000,17679.0000000000,18375.0000000000,18982.0000000000,9804.00000000000,-15301.7000000000,-14305.4800000000,-996.220000000000,-32968.5230180000
267,'2/T0615/Wolfson-serv_TS1',0,0.686700000000000,-292.217000000000,-265.600000000000,-7.67119000000000,-10.6808000000000,-8.26536000000000,-274.324773046454,-194.693322377649,266.390751765039,-63.0422000000000,-55.6020000000000,850.000000000000,1212.00000000000,2059.00000000000,3129.00000000000,4001.00000000000,4870.00000000000,5384.00000000000,5968.00000000000,6760.00000000000,7431.00000000000,7935.00000000000,8899.00000000000,9691.00000000000,10729.0000000000,11662.0000000000,12352.0000000000,13290.0000000000,13660.0000000000,14722.0000000000,15127.0000000000,15940.0000000000,16426.0000000000,17085.0000000000,17582.0000000000,9169.00000000000,-15060.2700000000,-13559.1300000000,-1501.14000000000,-31970.4365280000
268,'2/T0615/Wolfson-serv_TS2',0,0.486400000000000,-188.400000000000,-182.446000000000,-1.75545000000000,-2.17924000000000,-2.01952000000000,-75.2576179665195,29.4975005394788,974.542689867234,-46.3704000000000,-40.1103000000000,690.000000000000,964.000000000000,1570.00000000000,2252.00000000000,2921.00000000000,3317.00000000000,3805.00000000000,4220.00000000000,4918.00000000000,5143.00000000000,5675.00000000000,6374.00000000000,6798.00000000000,7365.00000000000,7883.00000000000,8523.00000000000,9001.00000000000,9547.00000000000,10129.0000000000,10475.0000000000,11150.0000000000,11181.0000000000,11772.0000000000,12271.0000000000,6195.00000000000,-9342.06000000000,-9381.75000000000,39.6900000000000,-22277.5194750000
269,'2/T0615/Wolfson-serv_TS3',0,0.686700000000000,-292.217000000000,-265.600000000000,-7.67119000000000,-10.6808000000000,-8.26536000000000,-274.324773046454,-194.693322377649,266.390751765039,-63.0422000000000,-55.6020000000000,850.000000000000,1212.00000000000,2059.00000000000,3129.00000000000,4001.00000000000,4870.00000000000,5384.00000000000,5968.00000000000,6760.00000000000,7431.00000000000,7935.00000000000,8899.00000000000,9691.00000000000,10729.0000000000,11662.0000000000,12352.0000000000,13290.0000000000,13660.0000000000,14722.0000000000,15127.0000000000,15940.0000000000,16426.0000000000,17085.0000000000,17582.0000000000,9169.00000000000,-15060.2700000000,-13559.1300000000,-1501.14000000000,-31970.4365280000
270,'2/T0615/Wolfson-serv_TS4',0,0.686700000000000,-292.217000000000,-265.600000000000,-7.67119000000000,-10.6808000000000,-8.26536000000000,-274.324773046454,-194.693322377649,266.390751765039,-63.0422000000000,-55.6020000000000,850.000000000000,1212.00000000000,2059.00000000000,3129.00000000000,4001.00000000000,4870.00000000000,5384.00000000000,5968.00000000000,6760.00000000000,7431.00000000000,7935.00000000000,8899.00000000000,9691.00000000000,10729.0000000000,11662.0000000000,12352.0000000000,13290.0000000000,13660.0000000000,14722.0000000000,15127.0000000000,15940.0000000000,16426.0000000000,17085.0000000000,17582.0000000000,9169.00000000000,-15060.2700000000,-13559.1300000000,-1501.14000000000,-31970.4365280000
271,'2/T0615/Wolfson-serv_TS5',0,0.686700000000000,-292.217000000000,-265.600000000000,-7.67119000000000,-10.6808000000000,-8.26536000000000,-274.324773046454,-194.693322377649,266.390751765039,-63.0422000000000,-55.6020000000000,850.000000000000,1212.00000000000,2059.00000000000,3129.00000000000,4001.00000000000,4870.00000000000,5384.00000000000,5968.00000000000,6760.00000000000,7431.00000000000,7935.00000000000,8899.00000000000,9691.00000000000,10729.0000000000,11662.0000000000,12352.0000000000,13290.0000000000,13660.0000000000,14722.0000000000,15127.0000000000,15940.0000000000,16426.0000000000,17085.0000000000,17582.0000000000,9169.00000000000,-15060.2700000000,-13559.1300000000,-1501.14000000000,-31970.4365280000
272,'2/T0615/Yang_kdd_TS1',0,0.203300000000000,-215.617000000000,-215.979000000000,-1.25017000000000,0.913425000000000,0.699182000000000,-12.0138993992274,55.4352506530018,709.050846828183,-19.9194000000000,-2.86046000000000,717.000000000000,1217.00000000000,2008.00000000000,2817.00000000000,3889.00000000000,4542.00000000000,5291.00000000000,5935.00000000000,6726.00000000000,7411.00000000000,8178.00000000000,8869.00000000000,9734.00000000000,10887.0000000000,11674.0000000000,12615.0000000000,13185.0000000000,14342.0000000000,15135.0000000000,15770.0000000000,16479.0000000000,17417.0000000000,18165.0000000000,18526.0000000000,9307.00000000000,-327.150000000000,-12892.8100000000,12565.6500000000,-25965.7520830000
273,'2/T0615/YASARA_TS1',0,0.635900000000000,-331.665000000000,-300.577000000000,-9.02923000000000,-13.5679000000000,-8.49127000000000,-248.570393755749,-191.170921844277,234.072674972820,-88.0061000000000,-80.3669000000000,531.000000000000,1166.00000000000,2025.00000000000,3013.00000000000,4186.00000000000,4944.00000000000,5484.00000000000,6044.00000000000,6819.00000000000,7361.00000000000,8084.00000000000,9068.00000000000,10070.0000000000,11108.0000000000,11998.0000000000,12761.0000000000,13607.0000000000,14410.0000000000,14968.0000000000,15540.0000000000,16355.0000000000,16989.0000000000,17565.0000000000,18269.0000000000,9159.00000000000,-21185.1300000000,-15470.8300000000,-5714.30000000000,-35714.6980810000
274,'2/T0615/YASARA_TS2',0,0.630200000000000,-327.972000000000,-298.575000000000,-8.23912000000000,-12.7913000000000,-8.36670000000000,-243.281021429063,-187.581866211228,233.913143458339,-86.6967000000000,-79.2395000000000,564.000000000000,1177.00000000000,2088.00000000000,3056.00000000000,4161.00000000000,4888.00000000000,5492.00000000000,6108.00000000000,6953.00000000000,7449.00000000000,7938.00000000000,9063.00000000000,10003.0000000000,11056.0000000000,11978.0000000000,12782.0000000000,13473.0000000000,14412.0000000000,14833.0000000000,15449.0000000000,16039.0000000000,17126.0000000000,17687.0000000000,18310.0000000000,9250.00000000000,-20019.9300000000,-15320.3800000000,-4699.55000000000,-35565.3574830000
275,'2/T0615/YASARA_TS3',0,0.648800000000000,-321.212000000000,-291.271000000000,-8.82532000000000,-13.4985000000000,-7.61680000000000,-243.611536900192,-177.997103501932,219.706302798020,-83.6948000000000,-76.5144000000000,568.000000000000,1178.00000000000,2094.00000000000,2975.00000000000,4170.00000000000,4779.00000000000,5336.00000000000,5988.00000000000,6874.00000000000,7294.00000000000,7935.00000000000,8870.00000000000,9753.00000000000,10928.0000000000,11521.0000000000,12532.0000000000,13176.0000000000,13876.0000000000,14589.0000000000,15297.0000000000,16048.0000000000,16870.0000000000,17520.0000000000,18352.0000000000,9273.00000000000,-19827.1300000000,-14953.4000000000,-4873.74000000000,-34727.5588160000
276,'2/T0615/YASARA_TS4',0,0.353400000000000,-276.601000000000,-251.256000000000,-7.28311000000000,-11.5981000000000,-6.46384000000000,-223.068030780617,-116.790346250483,452.608825074361,-77.0081000000000,-65.3003000000000,492.000000000000,1116.00000000000,1832.00000000000,2776.00000000000,3873.00000000000,4274.00000000000,4761.00000000000,5428.00000000000,6027.00000000000,6559.00000000000,6952.00000000000,7996.00000000000,8373.00000000000,9339.00000000000,9964.00000000000,10529.0000000000,11383.0000000000,12123.0000000000,12341.0000000000,13208.0000000000,13572.0000000000,14164.0000000000,14675.0000000000,15068.0000000000,7643.00000000000,-15597.8300000000,-12968.7400000000,-2629.10000000000,-30183.1387510000
277,'2/T0615/YASARA_TS5',0,0.371600000000000,-276.745000000000,-250.041000000000,-7.94469000000000,-11.5511000000000,-7.20857000000000,-203.729228404161,-97.9442702084807,498.045661972808,-75.1535000000000,-63.7527000000000,509.000000000000,1087.00000000000,1857.00000000000,2704.00000000000,3820.00000000000,4375.00000000000,4824.00000000000,5340.00000000000,6157.00000000000,6527.00000000000,6961.00000000000,7904.00000000000,8610.00000000000,9367.00000000000,10181.0000000000,10483.0000000000,11269.0000000000,11840.0000000000,12397.0000000000,13107.0000000000,13927.0000000000,14249.0000000000,14655.0000000000,15084.0000000000,7758.00000000000,-16009.3500000000,-12882.5700000000,-3126.78000000000,-30123.4231530000
278,'2/T0615/Zhang-Server_TS1',0,0.714900000000000,-327.942000000000,-291.072000000000,-10.3325000000000,-14.7384000000000,-11.7992000000000,-270.611780679331,-237.214170127849,85.3615913904080,-80.8402000000000,-72.2899000000000,839.000000000000,1275.00000000000,2067.00000000000,3286.00000000000,3933.00000000000,5196.00000000000,5466.00000000000,6309.00000000000,7067.00000000000,7618.00000000000,8296.00000000000,9078.00000000000,10115.0000000000,11096.0000000000,12138.0000000000,12894.0000000000,13742.0000000000,14723.0000000000,15143.0000000000,15536.0000000000,16471.0000000000,17234.0000000000,17524.0000000000,18539.0000000000,9401.00000000000,-17704.7500000000,-14921.7000000000,-2783.05000000000,-34883.5001070000
279,'2/T0615/Zhang-Server_TS2',0,0.731400000000000,-328.631000000000,-289.398000000000,-10.5328000000000,-16.6374000000000,-12.0628000000000,-307.519499432496,-240.065427914432,4.42221997829461,-78.2498000000000,-70.1608000000000,838.000000000000,1295.00000000000,2092.00000000000,3346.00000000000,4051.00000000000,5227.00000000000,5533.00000000000,6269.00000000000,7109.00000000000,7582.00000000000,8140.00000000000,9018.00000000000,10120.0000000000,11247.0000000000,12234.0000000000,12684.0000000000,13749.0000000000,14540.0000000000,15077.0000000000,15738.0000000000,16361.0000000000,17033.0000000000,17721.0000000000,18338.0000000000,9346.00000000000,-17855.2600000000,-14840.0500000000,-3015.21000000000,-34673.5760670000
280,'2/T0615/Zhang-Server_TS3',0,0.662600000000000,-320.865000000000,-283.626000000000,-11.2978000000000,-14.9560000000000,-10.9857000000000,-266.807318907316,-226.240072056341,150.203519637191,-78.9698000000000,-67.1372000000000,837.000000000000,1297.00000000000,2096.00000000000,3341.00000000000,4040.00000000000,5268.00000000000,5457.00000000000,6122.00000000000,7048.00000000000,7518.00000000000,8133.00000000000,9054.00000000000,9789.00000000000,11251.0000000000,11926.0000000000,12659.0000000000,13454.0000000000,14358.0000000000,14902.0000000000,15523.0000000000,16369.0000000000,16943.0000000000,17373.0000000000,18124.0000000000,9354.00000000000,-16517.0600000000,-14552.9800000000,-1964.07000000000,-34061.1321520000
281,'2/T0615/Zhang-Server_TS4',0,0.607800000000000,-324.618000000000,-286.261000000000,-10.5741000000000,-16.6901000000000,-11.0926000000000,-318.940059340483,-258.646388849839,32.3195091730485,-76.5244000000000,-67.7252000000000,837.000000000000,1329.00000000000,2208.00000000000,3392.00000000000,4131.00000000000,5332.00000000000,5530.00000000000,6255.00000000000,7217.00000000000,7715.00000000000,8250.00000000000,9203.00000000000,10055.0000000000,10963.0000000000,11943.0000000000,12669.0000000000,13779.0000000000,14344.0000000000,15080.0000000000,15788.0000000000,16395.0000000000,17316.0000000000,17688.0000000000,18654.0000000000,9497.00000000000,-15354.2500000000,-14673.9700000000,-680.280000000000,-34471.2480860000
282,'2/T0615/Zhang-Server_TS5',0,0.603000000000000,-313.614000000000,-274.768000000000,-10.7996000000000,-15.6345000000000,-12.4124000000000,-303.438742105527,-227.149552423021,163.585334192547,-77.0477000000000,-66.6851000000000,832.000000000000,1322.00000000000,2236.00000000000,3280.00000000000,4087.00000000000,5085.00000000000,5584.00000000000,6004.00000000000,7065.00000000000,7401.00000000000,7965.00000000000,8829.00000000000,9612.00000000000,10617.0000000000,11314.0000000000,12156.0000000000,12967.0000000000,13580.0000000000,14362.0000000000,14757.0000000000,15232.0000000000,15863.0000000000,16635.0000000000,17175.0000000000,8849.00000000000,-15517.0800000000,-14061.2000000000,-1455.89000000000,-33307.6258980000
283,'2/T0615/ZHOU-SPARKS-X_TS1',0,0.678300000000000,-287.197000000000,-265.383000000000,-6.68667000000000,-8.37280000000000,-6.75413000000000,-244.324182745338,-186.898550001721,209.829723918704,-60.2653000000000,-50.5979000000000,836.000000000000,1261.00000000000,2007.00000000000,3168.00000000000,3946.00000000000,4855.00000000000,5383.00000000000,6051.00000000000,6781.00000000000,7390.00000000000,8201.00000000000,9005.00000000000,9896.00000000000,11097.0000000000,12031.0000000000,12655.0000000000,13636.0000000000,14277.0000000000,15041.0000000000,15521.0000000000,16410.0000000000,16942.0000000000,17764.0000000000,18316.0000000000,9334.00000000000,-15709.8500000000,-13604.9400000000,-2104.91000000000,-31842.2564930000
284,'2/T0615/ZHOU-SPARKS-X_TS2',0,0.548800000000000,-206.604000000000,-211.087000000000,1.14965000000000,5.11626000000000,-1.78286000000000,-238.768048567569,-170.786365281795,243.055193483161,32.5892000000000,41.1026000000000,1199.00000000000,1752.00000000000,2613.00000000000,3881.00000000000,4910.00000000000,5933.00000000000,6673.00000000000,7370.00000000000,8608.00000000000,9227.00000000000,9922.00000000000,11101.0000000000,12130.0000000000,13212.0000000000,14411.0000000000,15014.0000000000,15799.0000000000,16506.0000000000,17131.0000000000,17795.0000000000,18510.0000000000,19305.0000000000,19851.0000000000,20535.0000000000,10528.0000000000,-5010.76000000000,-12619.6800000000,7608.92000000000,-27203.0660360000
285,'2/T0615/ZHOU-SPARKS-X_TS3',0,0.404700000000000,-225.455000000000,-217.723000000000,-2.77727000000000,-0.997905000000000,-3.95678000000000,-240.122346422926,-127.139983454187,363.538511158343,-1.94266000000000,6.73533000000000,1112.00000000000,1505.00000000000,2366.00000000000,3600.00000000000,4283.00000000000,5390.00000000000,5738.00000000000,6636.00000000000,7442.00000000000,8101.00000000000,8833.00000000000,9741.00000000000,10681.0000000000,11739.0000000000,12581.0000000000,13229.0000000000,14218.0000000000,14732.0000000000,15292.0000000000,16283.0000000000,16718.0000000000,17238.0000000000,17816.0000000000,18726.0000000000,9363.00000000000,-9423.99000000000,-12019.6100000000,2595.62000000000,-27248.1326310000
286,'2/T0615/ZHOU-SPARKS-X_TS4',0,0.470600000000000,-255.769000000000,-238.747000000000,-6.35453000000000,-5.97194000000000,-4.69510000000000,-265.622930404939,-186.262923498177,270.172285927946,-49.2932000000000,-33.7550000000000,922.000000000000,1268.00000000000,2034.00000000000,3194.00000000000,3818.00000000000,4863.00000000000,5363.00000000000,5788.00000000000,6834.00000000000,7203.00000000000,7938.00000000000,8761.00000000000,9617.00000000000,10639.0000000000,11338.0000000000,12071.0000000000,12773.0000000000,13536.0000000000,14133.0000000000,14890.0000000000,15548.0000000000,16085.0000000000,16882.0000000000,17606.0000000000,8862.00000000000,-12417.1400000000,-12298.7000000000,-118.440000000000,-29079.1757990000
287,'2/T0615/ZHOU-SPARKS-X_TS5',0,0.198800000000000,-267.824000000000,-242.999000000000,-7.63168000000000,-10.1296000000000,-7.06352000000000,-277.333944485466,-187.477952150397,481.678506706931,-50.0452000000000,-33.3121000000000,903.000000000000,1326.00000000000,2025.00000000000,3195.00000000000,3789.00000000000,4799.00000000000,5154.00000000000,5922.00000000000,6786.00000000000,7327.00000000000,8210.00000000000,8873.00000000000,9599.00000000000,10697.0000000000,11691.0000000000,12493.0000000000,13186.0000000000,13867.0000000000,14944.0000000000,15603.0000000000,16312.0000000000,16911.0000000000,17707.0000000000,18704.0000000000,9367.00000000000,-14222.6400000000,-12467.5400000000,-1755.10000000000,-29411.7945030000
288,'T0615.atm',1,1.0000,-417.700000000000,-297.872000000000,-58.6489000000000,-32.2460000000000,-28.9327000000000,-227.625490606116,-187.354638500101,35.7839745163540,-82.5748000000000,-76.0768000000000,606.000000000000,1181.00000000000,2070.00000000000,3172.00000000000,4438.00000000000,5062.00000000000,5578.00000000000,5990.00000000000,6932.00000000000,7331.00000000000,8119.00000000000,9226.00000000000,9982.00000000000,11358.0000000000,12251.0000000000,12885.0000000000,13766.0000000000,14572.0000000000,15248.0000000000,16029.0000000000,16711.0000000000,17403.0000000000,18220.0000000000,19022.0000000000,9542.00000000000,-21755.7800000000,-15399.5100000000,-6356.27000000000,-35598.6741890000
